Permutation Chi-Sq km10__FREE km11__FREE km12__FREE km13__FREE km14__FREE km15__FREE km16__FREE km17__FREE km18__FREE km19__FREE km1__FREE km20__FREE km21__FREE km22__FREE km23__FREE km24__FREE km2__FREE km3__FREE km9__FREE kp10__FREE kp11__FREE kp12__FREE kp13__FREE kp14__FREE kp15__FREE kp17__FREE kp18__FREE kp19__FREE kp1__FREE kp20__FREE kp21__FREE kp22__FREE kp23__FREE kp24__FREE kp2__FREE kp3__FREE kp9__FREE
gen1428perm132 0.4152728213781328 1.26216219e-01 4.04423845e-01 3.96673449e-03 6.93983068e-04 2.67262815e-03 3.25325815e+00 1.06774270e-03 1.93271733e-01 1.88455403e-02 1.00995019e-01 1.01964822e-01 7.88256298e-04 7.51217872e-02 1.83928785e-02 2.14012210e+00 5.49021575e-02 8.50930677e-02 8.21431172e-01 1.57749251e+01 1.08882133e-05 7.10258346e-07 2.71139658e-05 2.06375068e-04 2.26128855e+00 1.35936042e-08 1.47086304e-05 2.75697098e-07 1.16625742e-06 1.58971973e-05 2.95531536e-08 1.21236937e-08 2.89958474e-08 5.00237095e-07 1.02713740e-05 4.62498604e-06 1.11725843e-01 3.24247165e-07
gen1428perm63 0.4153205723794869 1.24196265e-01 3.92143794e-01 3.90402961e-03 7.79508510e-04 2.55174577e-03 3.25325815e+00 1.05218907e-03 1.93351868e-01 1.79789844e-02 1.00995019e-01 1.04365824e-01 7.49346361e-04 6.37678110e-02 1.92285179e-02 1.96053845e+00 5.59429788e-02 8.50930677e-02 8.21431172e-01 1.60762919e+01 9.69034072e-06 6.91232626e-07 3.36484303e-05 2.12799169e-04 2.06438754e+00 1.68278388e-08 1.45884287e-05 3.04529431e-07 1.09892360e-06 1.44691961e-05 2.55857841e-08 9.76710088e-09 2.98900176e-08 4.72597770e-07 1.02713740e-05 4.62498604e-06 1.11725843e-01 3.06866781e-07
gen1428perm17 0.4153476232077726 1.17258739e-01 4.16846004e-01 4.32658454e-03 6.75747406e-04 2.99400404e-03 3.25325815e+00 1.05218907e-03 1.90733594e-01 1.73377117e-02 1.00995019e-01 1.75173519e-01 8.60600318e-04 6.37678110e-02 1.50827584e-02 2.19589548e+00 5.60889327e-02 8.50930677e-02 8.21431172e-01 1.69674117e+01 9.69034072e-06 7.10258346e-07 3.26684916e-05 2.15876306e-04 2.31178847e+00 1.62685130e-08 1.47299909e-05 3.02382308e-07 1.09892360e-06 1.53471042e-05 3.02854214e-08 1.19308758e-08 2.87673364e-08 4.72328294e-07 1.03608920e-05 4.62914237e-06 1.11725843e-01 3.03632288e-07
gen1428perm108 0.4155583815338914 1.26216219e-01 4.21399075e-01 3.71807477e-03 7.23093060e-04 2.70669738e-03 3.25845625e+00 9.53423108e-04 1.92756685e-01 1.79679092e-02 1.00995019e-01 9.19956114e-02 8.36559367e-04 6.48557357e-02 1.97724354e-02 2.14012210e+00 5.60889327e-02 8.50930677e-02 8.21431172e-01 1.59533395e+01 1.19157608e-05 7.50950558e-07 3.26384307e-05 2.06375068e-04 2.15093375e+00 1.54226188e-08 1.47086304e-05 3.05809679e-07 9.99971461e-07 1.36943418e-05 2.83839752e-08 1.48687087e-08 2.53649540e-08 4.45913125e-07 1.02713740e-05 4.64709454e-06 1.11725843e-01 3.29841364e-07
gen1428perm50 0.4155696643511140 1.29385074e-01 3.90035495e-01 4.10508818e-03 7.23968870e-04 2.92504279e-03 3.25325815e+00 1.05218907e-03 1.91749128e-01 1.62023671e-02 1.00995019e-01 1.01525751e-01 7.74287979e-04 6.95206231e-02 1.96414407e-02 2.35310650e+00 5.60889327e-02 8.50930677e-02 8.21431172e-01 1.76376871e+01 1.19499746e-05 6.91232626e-07 3.67987738e-05 2.04916014e-04 2.25554477e+00 1.47706422e-08 1.47086304e-05 3.04476219e-07 1.40283703e-06 1.67720680e-05 3.00442959e-08 1.26132113e-08 2.96776603e-08 4.72328294e-07 1.02713740e-05 4.62498604e-06 1.11725843e-01 3.14414380e-07
gen1428perm39 0.4155703291644239 1.29385074e-01 4.04423845e-01 4.10508818e-03 7.24744204e-04 2.76344038e-03 3.25325815e+00 1.05218907e-03 1.97060796e-01 1.64210565e-02 1.00995019e-01 1.01525751e-01 7.73463301e-04 6.95206231e-02 1.79391522e-02 2.14012210e+00 5.60889327e-02 8.77007961e-02 8.21431172e-01 1.57981492e+01 9.69034072e-06 7.10258346e-07 3.08403178e-05 2.05128136e-04 2.19880998e+00 1.54956553e-08 1.47086304e-05 2.98403751e-07 1.09892360e-06 1.53250757e-05 2.74079608e-08 1.32473427e-08 2.41784356e-08 4.72328294e-07 1.02713740e-05 4.62498604e-06 1.11725843e-01 3.54761760e-07
gen1428perm72 0.4156569259196918 1.29385074e-01 3.90035495e-01 4.09890925e-03 7.24744204e-04 2.55174577e-03 3.25325815e+00 1.05218907e-03 1.93271733e-01 1.75812615e-02 1.00995019e-01 1.01975265e-01 7.13128973e-04 7.32241944e-02 1.86940794e-02 1.90378434e+00 5.50632527e-02 8.55370601e-02 8.21431172e-01 1.76376871e+01 1.19585854e-05 6.91232626e-07 3.10965803e-05 1.98078197e-04 2.19880998e+00 1.43548652e-08 1.47086304e-05 2.80112702e-07 1.06892273e-06 1.55157408e-05 2.92509213e-08 1.26555907e-08 2.96776603e-08 4.72328294e-07 1.02713740e-05 4.62498604e-06 1.11725843e-01 2.92120303e-07
gen1428perm124 0.4156858215441364 1.24312427e-01 3.90035495e-01 3.60951496e-03 6.76889471e-04 2.86189323e-03 3.25325815e+00 1.04146274e-03 1.90733594e-01 1.75464080e-02 1.00995019e-01 1.38985094e-01 7.88256298e-04 6.67994336e-02 1.91550204e-02 2.02878346e+00 5.60889327e-02 8.50930677e-02 8.21431172e-01 1.82308381e+01 1.15279224e-05 6.91232626e-07 3.39384782e-05 2.06319646e-04 2.18105121e+00 1.58671179e-08 1.47323682e-05 2.99930320e-07 1.00007738e-06 1.52173941e-05 2.53359202e-08 1.30070889e-08 3.19900601e-08 5.22637194e-07 1.01934787e-05 4.62498604e-06 1.11725843e-01 3.18357186e-07
gen1428perm4 0.4157575304510439 1.25212025e-01 4.04423845e-01 4.00360619e-03 6.93983068e-04 2.57576515e-03 3.25325815e+00 1.16640765e-03 1.90733594e-01 1.84158346e-02 1.00995019e-01 1.01525751e-01 7.72015191e-04 7.51217872e-02 1.86026684e-02 2.17155522e+00 5.60889327e-02 8.50930677e-02 8.21431172e-01 1.82308381e+01 1.10248411e-05 7.00411419e-07 2.59833387e-05 2.05220707e-04 2.19880998e+00 1.43548652e-08 1.47086304e-05 2.60919279e-07 8.70027530e-07 1.51980796e-05 2.88202936e-08 1.32293660e-08 2.96776603e-08 4.99669119e-07 1.02713740e-05 4.62498604e-06 1.11725843e-01 2.99189729e-07
gen1428perm6 0.4159604830792706 1.20842310e-01 3.90035495e-01 4.15870903e-03 7.19278409e-04 2.52054865e-03 3.25325815e+00 1.05463738e-03 1.90733594e-01 2.13462036e-02 1.00995019e-01 9.25863509e-02 8.42813808e-04 6.37678110e-02 1.93859708e-02 1.98250209e+00 5.60889327e-02 8.44900960e-02 8.20821423e-01 1.61658711e+01 9.42189805e-06 6.91232626e-07 3.10965803e-05 2.01701045e-04 2.19880998e+00 1.54956553e-08 1.47296535e-05 3.02382308e-07 9.25836521e-07 1.43477198e-05 3.15046876e-08 1.15854359e-08 2.96776603e-08 4.68379149e-07 1.02713740e-05 4.62498604e-06 1.11725843e-01 3.29841364e-07
gen1428perm81 0.4160512753473243 1.25212025e-01 4.04423845e-01 4.00848914e-03 7.24744204e-04 2.52823517e-03 3.25325815e+00 1.05218907e-03 1.82395183e-01 1.74706223e-02 1.00995019e-01 1.59848261e-01 7.88256298e-04 6.20212814e-02 1.50827584e-02 2.14012210e+00 5.49021575e-02 8.56501440e-02 8.21431172e-01 1.60032134e+01 1.01632786e-05 7.10258346e-07 3.08028652e-05 2.05128136e-04 2.24302008e+00 1.43024742e-08 1.36039750e-05 3.20789970e-07 1.06892273e-06 1.53471042e-05 2.99514267e-08 1.32030970e-08 2.59584805e-08 4.72410533e-07 1.02713740e-05 4.62498604e-06 1.11725843e-01 3.03632288e-07
gen1428perm100 0.4162050092314835 1.25212025e-01 3.90035495e-01 3.85344585e-03 7.24744204e-04 2.72033440e-03 3.25325815e+00 1.03912430e-03 1.91749128e-01 1.64401911e-02 1.00995019e-01 1.01738975e-01 8.39273189e-04 7.81008258e-02 1.63991473e-02 2.14351644e+00 5.60889327e-02 8.68129208e-02 8.21431172e-01 1.57401221e+01 1.03813322e-05 6.83854214e-07 3.04206787e-05 2.10550338e-04 2.36154860e+00 1.58933273e-08 1.47323682e-05 3.05004104e-07 1.08583341e-06 1.50062353e-05 2.74079608e-08 1.18246997e-08 2.57519319e-08 4.72328294e-07 1.02713740e-05 4.59580830e-06 1.11725843e-01 3.03632288e-07
gen1428perm19 0.4162379035463321 1.24196265e-01 4.04423845e-01 4.54945500e-03 6.93983068e-04 2.55174577e-03 3.24939489e+00 1.04052308e-03 1.84018121e-01 1.90480650e-02 1.00995019e-01 1.04365824e-01 7.91899745e-04 7.93454430e-02 1.87924372e-02 1.92080081e+00 5.66633073e-02 8.50930677e-02 8.21431172e-01 1.59533395e+01 9.69034072e-06 7.20547678e-07 3.36484303e-05 2.12799169e-04 2.19880998e+00 1.43024742e-08 1.47296535e-05 3.02382308e-07 1.02523372e-06 1.61822593e-05 2.95531536e-08 1.38100431e-08 2.86503764e-08 4.45913125e-07 1.02713740e-05 4.48158786e-06 1.11725843e-01 3.37817784e-07
gen1428perm95 0.4162423163619184 1.25212025e-01 4.04423845e-01 3.63962061e-03 6.76889471e-04 2.45133732e-03 3.25325815e+00 1.10374352e-03 1.90733594e-01 1.84358351e-02 1.00995019e-01 1.50978463e-01 8.26072852e-04 8.27054397e-02 1.83928785e-02 2.14012210e+00 5.60889327e-02 8.50930677e-02 8.21431172e-01 1.95075456e+01 9.87814569e-06 6.91232626e-07 2.97505421e-05 2.12725889e-04 2.19880998e+00 1.54956553e-08 1.47086304e-05 2.76803523e-07 1.00007738e-06 1.53471042e-05 2.74079608e-08 1.39924798e-08 3.03876618e-08 4.69866734e-07 1.02713740e-05 4.62498604e-06 1.11725843e-01 3.24670324e-07
gen1428perm134 0.4162622830804952 1.25827187e-01 3.90035495e-01 3.61276876e-03 7.23968870e-04 2.88075011e-03 3.25325815e+00 1.02517260e-03 1.91749128e-01 1.86860813e-02 1.03016735e-01 1.70013609e-01 8.39273189e-04 6.27348389e-02 1.50827584e-02 2.14351644e+00 5.60889327e-02 8.50930677e-02 8.21431172e-01 1.69674117e+01 1.01632786e-05 6.91232626e-07 2.91020073e-05 2.01802648e-04 2.19880998e+00 1.55484682e-08 1.47323682e-05 3.15720704e-07 9.90135889e-07 1.50062353e-05 2.74079608e-08 1.25881975e-08 2.74715667e-08 4.72328294e-07 1.03608920e-05 4.76560857e-06 1.11725843e-01 3.03632288e-07
gen1428perm110 0.4167788206190414 1.29385074e-01 3.90035495e-01 4.15870903e-03 6.93983068e-04 2.55174577e-03 3.25325815e+00 1.05463738e-03 1.91749128e-01 1.75812615e-02 1.00995019e-01 1.07200305e-01 7.88256298e-04 7.51217872e-02 1.83928785e-02 2.14351644e+00 5.81555871e-02 8.63117240e-02 8.21431172e-01 1.48601218e+01 1.00282134e-05 6.91232626e-07 3.67987738e-05 2.05981969e-04 2.00396876e+00 1.43548652e-08 1.47086304e-05 2.84908265e-07 1.03010050e-06 1.44691961e-05 2.74079608e-08 1.35270015e-08 2.72361778e-08 4.72328294e-07 1.02713740e-05 4.68663152e-06 1.11725843e-01 3.53919190e-07
gen1428perm101 0.4170489896604510 1.26216219e-01 4.04423845e-01 4.10508818e-03 6.93983068e-04 2.55174577e-03 3.25845625e+00 1.05218907e-03 1.93271733e-01 1.79679092e-02 1.00995019e-01 1.08277072e-01 7.91522560e-04 7.10665485e-02 1.96265738e-02 2.20618095e+00 5.60889327e-02 8.95416467e-02 8.21431172e-01 1.57749251e+01 1.08882133e-05 7.10258346e-07 2.84663057e-05 2.12799169e-04 2.19880998e+00 1.43024742e-08 1.44806766e-05 3.15726865e-07 1.16625742e-06 1.58835785e-05 2.74079608e-08 1.31876344e-08 2.74715667e-08 4.72328294e-07 1.02713740e-05 4.62498604e-06 1.11725843e-01 3.14414380e-07
gen1428perm138 0.4171471223381842 1.26519689e-01 3.90035495e-01 4.15870903e-03 7.19278409e-04 2.92504279e-03 3.25325815e+00 1.04719991e-03 1.90733594e-01 1.86860813e-02 1.00995019e-01 1.01975265e-01 7.34060978e-04 6.70684195e-02 1.97724354e-02 2.02878346e+00 5.60889327e-02 8.79765645e-02 8.21431172e-01 1.59556925e+01 1.15446017e-05 6.91232626e-07 3.11814992e-05 2.18534316e-04 2.19880998e+00 1.54956553e-08 1.59594004e-05 3.05004104e-07 1.05351034e-06 1.42851421e-05 2.74079608e-08 1.21424199e-08 2.85104653e-08 4.72328294e-07 1.02713740e-05 4.62498604e-06 1.11547440e-01 3.29841364e-07
gen1428perm136 0.4173505675452603 1.24196265e-01 4.04423845e-01 3.88586014e-03 7.23968870e-04 2.60925642e-03 3.24939489e+00 1.05463738e-03 1.90733594e-01 1.79679092e-02 1.00995019e-01 9.25863509e-02 7.79083522e-04 7.51217872e-02 1.63991473e-02 1.97792602e+00 5.60889327e-02 8.50930677e-02 8.21431172e-01 1.70584049e+01 9.90034447e-06 6.91232626e-07 3.10965803e-05 2.05128136e-04 2.19880998e+00 1.60930950e-08 1.47086304e-05 3.02382308e-07 1.21572407e-06 1.48592913e-05 2.74079608e-08 1.26555907e-08 2.96776603e-08 4.70741485e-07 1.02713740e-05 4.62498604e-06 1.11725843e-01 3.29841364e-07
gen1428perm64 0.4173531775697329 1.29385074e-01 3.79963536e-01 3.69065081e-03 7.24744204e-04 2.75026956e-03 3.25325815e+00 9.64257053e-04 1.93271733e-01 1.79679092e-02 1.00995019e-01 1.01525751e-01 7.26567797e-04 7.37895556e-02 1.88241173e-02 2.08702671e+00 5.60889327e-02 8.50930677e-02 8.21431172e-01 1.75366166e+01 1.16702943e-05 6.91232626e-07 3.67987738e-05 2.12799169e-04 2.19880998e+00 1.54956553e-08 1.58662163e-05 2.93820362e-07 1.05804941e-06 1.15154298e-05 2.74079608e-08 1.16561490e-08 2.51828913e-08 4.72328294e-07 1.03907390e-05 4.80558034e-06 1.11725843e-01 3.23833870e-07
gen1428perm44 0.4174587196189092 1.30413466e-01 4.04423845e-01 3.63962061e-03 7.23968870e-04 2.99400404e-03 3.25845625e+00 1.10374352e-03 1.91749128e-01 1.84358351e-02 1.00995019e-01 1.01525751e-01 7.74287979e-04 8.27054397e-02 1.89530969e-02 2.02878346e+00 5.13029088e-02 8.50930677e-02 8.21431172e-01 1.70395165e+01 1.08439855e-05 7.10258346e-07 2.98061868e-05 2.12725889e-04 2.19880998e+00 1.54956553e-08 1.47086304e-05 3.02382308e-07 1.02084329e-06 1.58835785e-05 2.74079608e-08 1.26132113e-08 2.66159154e-08 4.72328294e-07 9.95812150e-06 4.40879392e-06 1.11725843e-01 3.14414380e-07
gen1428perm49 0.4178332817964985 1.24196265e-01 4.04423845e-01 4.23933902e-03 7.24744204e-04 2.99400404e-03 3.25845625e+00 1.00456702e-03 1.90733594e-01 1.79679092e-02 9.69962660e-02 1.01975265e-01 8.42813808e-04 7.70491719e-02 1.95194818e-02 2.14012210e+00 5.59429788e-02 8.50930677e-02 8.21431172e-01 1.55501871e+01 1.12846387e-05 7.10258346e-07 3.57709983e-05 2.25177464e-04 2.19880998e+00 1.63898821e-08 1.47086304e-05 2.87279676e-07 1.02084329e-06 1.58835785e-05 2.74079608e-08 1.13169126e-08 2.66159154e-08 4.61032425e-07 1.02713740e-05 4.62498604e-06 1.11725843e-01 3.20236118e-07
gen1428perm140 0.4180222180978870 1.17651614e-01 3.90035495e-01 4.31777234e-03 6.76889471e-04 2.28308193e-03 3.25325815e+00 1.05218907e-03 1.90733594e-01 1.79679092e-02 1.00995019e-01 1.09577029e-01 7.34060978e-04 6.93786131e-02 1.96265738e-02 2.21503697e+00 5.56066424e-02 8.50930677e-02 8.21431172e-01 1.85643057e+01 1.14872970e-05 6.91232626e-07 2.97815153e-05 2.23098882e-04 2.05040068e+00 1.54956553e-08 1.47086304e-05 3.02382308e-07 1.09892360e-06 1.53250757e-05 2.97361368e-08 1.32330771e-08 2.83251465e-08 5.05431778e-07 1.02713740e-05 4.62498604e-06 1.11725843e-01 3.03632288e-07
gen1428perm30 0.4181581192878728 1.26216219e-01 3.96496796e-01 4.00360619e-03 7.23968870e-04 2.99400404e-03 3.25845625e+00 1.02517260e-03 1.92274026e-01 1.79789844e-02 1.00995019e-01 1.01525751e-01 7.88256298e-04 7.37895556e-02 1.96265738e-02 2.14012210e+00 5.60889327e-02 8.56501440e-02 8.21431172e-01 1.82308381e+01 1.15279224e-05 7.10258346e-07 2.47616847e-05 2.12799169e-04 2.28902975e+00 1.55393384e-08 1.47086304e-05 3.31852425e-07 1.06892273e-06 1.53250757e-05 2.77950530e-08 1.18301882e-08 2.85642779e-08 4.40624046e-07 1.05091801e-05 4.63382484e-06 1.11725843e-01 3.54761760e-07
gen1428perm2 0.4183844383663397 1.23197964e-01 4.04423845e-01 4.00360619e-03 6.76889471e-04 2.83201004e-03 3.25325815e+00 1.03482718e-03 1.77554279e-01 1.74706223e-02 1.01103045e-01 1.44772537e-01 7.47682591e-04 7.37895556e-02 1.48668144e-02 2.14012210e+00 5.59872068e-02 8.50930677e-02 8.21431172e-01 1.64081978e+01 1.14872970e-05 7.10258346e-07 3.49635694e-05 2.12030474e-04 2.29557576e+00 1.41441335e-08 1.47323682e-05 3.02382308e-07 1.06892273e-06 1.55157408e-05 2.69454471e-08 1.28197313e-08 2.96776603e-08 4.79747065e-07 1.02713740e-05 4.70949490e-06 1.11725843e-01 2.86434784e-07
gen1428perm9 0.4184128064539442 1.24196265e-01 4.21399075e-01 4.24527809e-03 6.93983068e-04 2.55174577e-03 3.24939489e+00 1.13496067e-03 1.90733594e-01 1.90480650e-02 1.08024634e-01 1.04365824e-01 7.34060978e-04 7.51217872e-02 1.87924372e-02 2.17155522e+00 5.60889327e-02 8.50930677e-02 8.21431172e-01 1.59533395e+01 9.57903235e-06 7.41780324e-07 3.36484303e-05 2.12799169e-04 2.26355030e+00 1.35916449e-08 1.47086304e-05 2.76803523e-07 9.25908385e-07 1.38892117e-05 2.84074007e-08 1.18471583e-08 2.78597165e-08 4.94968258e-07 1.07973431e-05 4.62498604e-06 1.11725843e-01 2.88907457e-07
gen1428perm142 0.4184131304090042 1.25212025e-01 4.04423845e-01 3.88586014e-03 6.93983068e-04 2.76107965e-03 3.25325815e+00 1.02485253e-03 1.91749128e-01 1.66822102e-02 1.00995019e-01 1.01975265e-01 8.39273189e-04 7.81008258e-02 1.86026684e-02 2.17344503e+00 5.60889327e-02 8.59315443e-02 8.21431172e-01 1.57401221e+01 1.15446017e-05 6.91232626e-07 2.59833387e-05 2.12799169e-04 2.19880998e+00 1.55484682e-08 1.47086304e-05 3.05004104e-07 8.70027530e-07 1.50062353e-05 2.54795650e-08 1.18246997e-08 2.87561665e-08 4.72328294e-07 1.02713740e-05 4.68663152e-06 1.11725843e-01 2.84293738e-07
gen1428perm65 0.4184131559037328 1.26519689e-01 4.04423845e-01 4.23741056e-03 6.24921314e-04 2.55174577e-03 3.25325815e+00 1.11018915e-03 2.05972572e-01 1.71759717e-02 1.00995019e-01 9.25863509e-02 6.61883807e-04 7.51217872e-02 1.83928785e-02 1.87635166e+00 5.59429788e-02 8.50930677e-02 8.21431172e-01 1.60762919e+01 9.69034072e-06 6.91232626e-07 3.08403178e-05 1.97188821e-04 2.19880998e+00 1.37591887e-08 1.47296535e-05 3.21806112e-07 1.10846117e-06 1.25820034e-05 3.04136628e-08 1.18471583e-08 3.03582719e-08 4.58066463e-07 1.02713740e-05 4.62498604e-06 1.11725843e-01 3.53919190e-07
gen1428perm93 0.4186853012219134 1.25212025e-01 3.90035495e-01 4.15870903e-03 7.24744204e-04 2.99032862e-03 3.25325815e+00 9.90125982e-04 1.90733594e-01 1.89692919e-02 1.00995019e-01 1.38985094e-01 7.46407211e-04 6.76328261e-02 1.84193757e-02 2.02878346e+00 5.45400060e-02 9.10975201e-02 8.21431172e-01 1.57503252e+01 1.15446017e-05 7.10258346e-07 3.04642081e-05 2.05128136e-04 2.19880998e+00 1.43548652e-08 1.47323682e-05 2.80112702e-07 1.00007738e-06 1.56208605e-05 2.74079608e-08 1.30070889e-08 2.85104653e-08 5.22637194e-07 1.02713740e-05 4.62498604e-06 1.11725843e-01 3.03632288e-07
gen1428perm116 0.4187564487156799 1.29385074e-01 3.90035495e-01 4.15870903e-03 7.24744204e-04 2.55174577e-03 3.25325815e+00 1.05218907e-03 1.90733594e-01 1.79679092e-02 1.00995019e-01 9.25863509e-02 7.23705846e-04 7.51217872e-02 1.83928785e-02 2.14012210e+00 5.50632527e-02 8.42484440e-02 8.21431172e-01 1.57401221e+01 1.00282134e-05 7.10258346e-07 3.10965803e-05 2.03756420e-04 2.19880998e+00 1.43548652e-08 1.40910847e-05 2.79195092e-07 1.02539498e-06 1.44691961e-05 2.74079608e-08 1.26132113e-08 2.96776603e-08 4.40624046e-07 9.80236646e-06 4.62498604e-06 1.11725843e-01 2.88475724e-07
gen1428perm40 0.4192029655408611 1.26216219e-01 3.99943169e-01 3.99936378e-03 7.57880531e-04 2.99400404e-03 3.25845625e+00 1.05218907e-03 1.90733594e-01 1.71217854e-02 1.00995019e-01 1.01964822e-01 7.88256298e-04 6.37678110e-02 2.04499423e-02 1.99177354e+00 5.60889327e-02 8.50930677e-02 8.27219376e-01 1.41990441e+01 1.08882133e-05 6.91232626e-07 2.79464030e-05 2.06375068e-04 2.19880998e+00 1.54956553e-08 1.49939133e-05 3.06852224e-07 1.10916873e-06 1.58971973e-05 2.57821583e-08 1.26132113e-08 2.96776603e-08 4.72328294e-07 1.02713740e-05 4.56265288e-06 1.11725843e-01 3.29841364e-07
gen1428perm52 0.4194006236005966 1.26216219e-01 4.04423845e-01 3.80560398e-03 7.56529413e-04 2.81260971e-03 3.25325815e+00 1.03168204e-03 1.91749128e-01 1.79679092e-02 9.78028536e-02 1.01964822e-01 7.88256298e-04 6.51431921e-02 1.79391522e-02 1.93022964e+00 5.60889327e-02 8.97911837e-02 8.21431172e-01 1.68495735e+01 9.69034072e-06 7.30730869e-07 3.04206787e-05 2.06375068e-04 2.05172179e+00 1.54956553e-08 1.38675843e-05 3.02382308e-07 1.05486958e-06 1.54833668e-05 2.74079608e-08 1.36822815e-08 2.70868427e-08 4.72328294e-07 1.01999632e-05 4.62498604e-06 1.11725843e-01 3.17042897e-07
gen1428perm135 0.4194965794437572 1.26519689e-01 3.90035495e-01 4.15870903e-03 7.19278409e-04 2.60925642e-03 3.50795915e+00 1.00801333e-03 1.81599851e-01 1.73967378e-02 1.00995019e-01 1.04515997e-01 7.34060978e-04 6.37678110e-02 1.93859708e-02 1.90378434e+00 5.11628073e-02 8.50930677e-02 8.21431172e-01 1.62227520e+01 9.69034072e-06 7.10258346e-07 3.30595501e-05 2.12739331e-04 2.05937555e+00 1.54956553e-08 1.38839511e-05 3.02382308e-07 1.01010199e-06 1.58971973e-05 2.95531536e-08 1.14294984e-08 2.98900176e-08 4.96921556e-07 1.02713740e-05 4.62498604e-06 1.11725843e-01 3.14414380e-07
gen1428perm3 0.4197104791756002 1.24196265e-01 4.12271779e-01 3.88586014e-03 7.24744204e-04 2.57576515e-03 3.25325815e+00 1.05695194e-03 1.75003227e-01 1.79679092e-02 1.00995019e-01 9.62752125e-02 7.94307850e-04 7.37895556e-02 2.04499423e-02 2.14012210e+00 5.75347975e-02 8.63360239e-02 8.21431172e-01 1.57401221e+01 1.08882133e-05 7.10258346e-07 3.57709983e-05 2.05128136e-04 2.19880998e+00 1.54956553e-08 1.47086304e-05 2.62489359e-07 1.06892273e-06 1.53250757e-05 2.54795650e-08 1.28468424e-08 2.96776603e-08 4.40624046e-07 1.02713740e-05 4.62498604e-06 1.11725843e-01 3.35947446e-07
gen1428perm51 0.4198630760555720 1.24983031e-01 4.16846004e-01 4.11542950e-03 7.24744204e-04 2.60925642e-03 3.25845625e+00 1.05218907e-03 1.90733594e-01 1.79679092e-02 1.00995019e-01 1.51554197e-01 7.88256298e-04 6.70684195e-02 1.59560411e-02 2.02241743e+00 5.31322618e-02 8.50930677e-02 8.21431172e-01 1.57749251e+01 1.08882133e-05 7.10258346e-07 2.73592835e-05 2.12799169e-04 2.19880998e+00 1.54956553e-08 1.57292093e-05 3.02382308e-07 1.10916873e-06 1.44691961e-05 2.55968797e-08 1.26132113e-08 2.96776603e-08 4.72328294e-07 1.02713740e-05 4.84437200e-06 1.11725843e-01 3.54761760e-07
gen1428perm121 0.4205795154269075 1.25212025e-01 4.04423845e-01 3.88347160e-03 7.23968870e-04 2.99400404e-03 3.25325815e+00 1.06411949e-03 1.92862292e-01 1.79789844e-02 1.00995019e-01 1.01525751e-01 7.88256298e-04 6.37678110e-02 2.07444247e-02 1.97210857e+00 5.60889327e-02 7.87695534e-02 8.21431172e-01 1.82308381e+01 1.15279224e-05 6.88270085e-07 3.73172349e-05 2.10959447e-04 2.19880998e+00 1.45279724e-08 1.47086304e-05 3.12853739e-07 1.14716246e-06 1.53250757e-05 2.78576904e-08 1.28468424e-08 2.66159154e-08 4.40624046e-07 1.03608920e-05 4.62498604e-06 1.11725843e-01 2.86809314e-07
gen1428perm46 0.4207155882410785 1.24039328e-01 4.04423845e-01 4.09865817e-03 6.93983068e-04 2.52054865e-03 3.25325815e+00 1.05218907e-03 1.93271733e-01 1.79679092e-02 1.00995019e-01 1.10451758e-01 9.43455515e-04 7.51217872e-02 1.77168595e-02 1.99721833e+00 5.60889327e-02 8.50930677e-02 8.21431172e-01 1.64116713e+01 1.14327332e-05 7.10258346e-07 3.08403178e-05 2.06375068e-04 2.19880998e+00 1.45925231e-08 1.47086304e-05 3.02382308e-07 1.30030701e-06 1.58971973e-05 2.74079608e-08 1.34424037e-08 2.66159154e-08 5.11364209e-07 1.02713740e-05 4.30702205e-06 1.11725843e-01 3.03632288e-07
gen1428perm20 0.4208639552472044 1.26216219e-01 4.21399075e-01 3.71807477e-03 7.63160705e-04 2.69598852e-03 3.25325815e+00 1.05218907e-03 1.93271733e-01 1.79679092e-02 1.00995019e-01 1.01525751e-01 7.34060978e-04 6.96435542e-02 1.92285179e-02 1.97131076e+00 5.60889327e-02 8.50930677e-02 8.21431172e-01 1.59533395e+01 1.19157608e-05 7.10258346e-07 3.08403178e-05 2.00030772e-04 2.19880998e+00 1.43024742e-08 1.60224908e-05 3.33052715e-07 1.06636541e-06 1.38892117e-05 2.84074007e-08 1.24651090e-08 3.03188614e-08 4.65292347e-07 1.02713740e-05 4.62498604e-06 1.11725843e-01 3.08735709e-07
gen1428perm112 0.4210134189156223 1.26519689e-01 3.90035495e-01 3.73752699e-03 7.23968870e-04 2.92504279e-03 3.25903624e+00 1.02517260e-03 1.91749128e-01 1.91532037e-02 1.00995019e-01 1.05320417e-01 7.74287979e-04 6.95206231e-02 1.96265738e-02 2.14012210e+00 5.33721195e-02 8.50930677e-02 8.21431172e-01 1.57401221e+01 1.00736265e-05 6.91232626e-07 3.36484303e-05 2.18496294e-04 2.19880998e+00 1.71782848e-08 1.40910847e-05 3.31030481e-07 9.18270503e-07 1.58835785e-05 3.04050346e-08 1.21424199e-08 2.66159154e-08 4.72328294e-07 1.02713740e-05 4.25112420e-06 1.11725843e-01 3.14414380e-07
gen1428perm125 0.4210587398429071 1.24196265e-01 4.04423845e-01 4.10508818e-03 6.74440124e-04 2.99400404e-03 3.25325815e+00 1.02517260e-03 1.90733594e-01 1.79789844e-02 9.83398206e-02 1.03150403e-01 7.88139128e-04 6.95206231e-02 1.96265738e-02 2.14012210e+00 5.59429788e-02 8.50930677e-02 8.21431172e-01 1.57749251e+01 1.08882133e-05 7.10258346e-07 3.22253209e-05 2.12799169e-04 2.19880998e+00 1.55393384e-08 1.47086304e-05 3.31030481e-07 1.02084329e-06 1.58835785e-05 2.70829590e-08 1.26132113e-08 2.66159154e-08 4.72328294e-07 1.02713740e-05 4.29516054e-06 1.11725843e-01 3.09230307e-07
gen1428perm139 0.4214633603472195 1.20842310e-01 4.16846004e-01 4.46186819e-03 6.92806300e-04 2.75026956e-03 3.25325815e+00 1.05218907e-03 1.91749128e-01 1.97277738e-02 1.00995019e-01 1.64744415e-01 8.53660740e-04 6.68171247e-02 1.50827584e-02 1.99162964e+00 5.60889327e-02 8.50930677e-02 8.20821423e-01 1.63016953e+01 9.69034072e-06 7.10258346e-07 3.15598985e-05 2.04273177e-04 2.18442957e+00 1.53416238e-08 1.38675843e-05 2.90677458e-07 1.06783835e-06 1.58971973e-05 2.87848329e-08 1.24049477e-08 2.77647860e-08 4.40686010e-07 1.02713740e-05 4.97911902e-06 1.11725843e-01 3.41761593e-07
gen1428perm31 0.4215727366186098 1.24196265e-01 4.04423845e-01 4.32658454e-03 8.13343417e-04 2.50820774e-03 3.25325815e+00 1.05218907e-03 1.91749128e-01 1.73967378e-02 1.07193697e-01 1.01964822e-01 7.79083522e-04 6.37678110e-02 1.63991473e-02 2.14012210e+00 5.15597697e-02 8.50930677e-02 8.21431172e-01 1.66220914e+01 1.08882133e-05 7.29676902e-07 3.39984154e-05 2.05128136e-04 2.05937555e+00 1.55393384e-08 1.46685821e-05 2.74706214e-07 1.16625742e-06 1.53250757e-05 2.95531536e-08 1.26132113e-08 2.94869530e-08 4.25174031e-07 1.02713740e-05 4.62498604e-06 1.11725843e-01 3.14414380e-07
gen1428perm137 0.4220455527635480 1.25212025e-01 4.10687877e-01 4.22923305e-03 7.24744204e-04 2.35957206e-03 3.08615481e+00 1.05463738e-03 2.01135746e-01 1.79679092e-02 1.00995019e-01 9.25863509e-02 8.39273189e-04 6.37678110e-02 1.93859708e-02 1.90378434e+00 5.60889327e-02 8.50930677e-02 8.21431172e-01 1.60970038e+01 9.69034072e-06 6.88270085e-07 3.45651551e-05 2.04916014e-04 2.13176318e+00 1.54956553e-08 1.39621978e-05 3.02382308e-07 1.01010199e-06 1.58971973e-05 2.72512077e-08 1.26555907e-08 2.96776603e-08 4.70741485e-07 1.01327205e-05 4.62498604e-06 1.13814070e-01 2.92120303e-07
gen1428perm53 0.4223530054206533 1.16390662e-01 4.04423845e-01 3.88586014e-03 7.23968870e-04 2.60925642e-03 3.25325815e+00 1.02517260e-03 1.91749128e-01 1.73967378e-02 9.32335431e-02 1.04515997e-01 7.88256298e-04 7.37895556e-02 1.94272411e-02 2.02241743e+00 5.97078777e-02 8.50930677e-02 8.21431172e-01 1.82308381e+01 1.15279224e-05 7.10258346e-07 3.36484303e-05 2.22955941e-04 2.05937555e+00 1.55393384e-08 1.38839511e-05 2.69355373e-07 1.03188523e-06 1.53250757e-05 2.52993670e-08 1.36889215e-08 2.82346388e-08 4.52069290e-07 1.02260298e-05 4.80815807e-06 1.11725843e-01 3.18357186e-07
gen1428perm18 0.4229037666600934 1.25827187e-01 3.90035495e-01 3.74615923e-03 6.76889471e-04 2.52054865e-03 3.22951270e+00 1.02517260e-03 1.99128780e-01 1.79679092e-02 1.00995019e-01 1.01964822e-01 8.94107781e-04 6.19713606e-02 1.58334776e-02 2.15548279e+00 5.19251441e-02 8.50930677e-02 8.21431172e-01 1.57401221e+01 1.01632786e-05 6.91232626e-07 2.97505421e-05 2.01802648e-04 1.95343520e+00 1.54956553e-08 1.39288467e-05 3.15720704e-07 9.90135889e-07 1.53471042e-05 2.87848329e-08 1.25881975e-08 2.96776603e-08 4.72328294e-07 1.02713740e-05 4.77059650e-06 1.11725843e-01 3.15776051e-07
gen1428perm1 0.4232428149373643 1.25212025e-01 3.87019916e-01 4.22923305e-03 7.24744204e-04 2.52054865e-03 3.25325815e+00 1.05218907e-03 1.93663023e-01 1.79679092e-02 1.00995019e-01 1.01525751e-01 7.88256298e-04 6.37678110e-02 1.83928785e-02 2.05437954e+00 5.20622473e-02 8.56501440e-02 8.10890999e-01 1.51018965e+01 1.15279224e-05 6.91232626e-07 3.05191567e-05 1.86870283e-04 2.22509181e+00 1.43024742e-08 1.46531697e-05 2.90653070e-07 9.07785425e-07 1.55344359e-05 2.75680090e-08 1.28468424e-08 2.59584805e-08 5.00237095e-07 1.02713740e-05 4.62498604e-06 1.11725843e-01 3.03632288e-07
gen1428perm23 0.4236597615988156 1.31699674e-01 3.92777316e-01 3.53671725e-03 7.58897031e-04 2.75026956e-03 3.25325815e+00 1.05218907e-03 1.90733594e-01 1.95960609e-02 1.00995019e-01 1.00192204e-01 7.43864721e-04 6.20212814e-02 1.83928785e-02 2.01618310e+00 5.60889327e-02 9.10815665e-02 8.21431172e-01 1.57401221e+01 1.08882133e-05 6.91232626e-07 2.97505421e-05 2.06505898e-04 2.19880998e+00 1.44573410e-08 1.47323682e-05 3.02382308e-07 9.26599100e-07 1.54833668e-05 2.74541325e-08 1.16537155e-08 2.78597165e-08 4.99105332e-07 1.02713740e-05 4.62498604e-06 1.11725843e-01 2.99189729e-07
gen1428perm27 0.4237755474184061 1.26216219e-01 3.97258256e-01 3.88586014e-03 7.05439137e-04 2.60925642e-03 3.25845625e+00 1.05218907e-03 1.91749128e-01 1.76802980e-02 9.94926356e-02 1.01964822e-01 8.46950242e-04 6.88532706e-02 1.79391522e-02 2.14012210e+00 5.60889327e-02 8.63117240e-02 8.18460118e-01 1.57749251e+01 1.08882133e-05 7.10258346e-07 3.57709983e-05 2.06375068e-04 2.19880998e+00 1.40545994e-08 1.47086304e-05 3.02382308e-07 1.10916873e-06 1.44691961e-05 2.74079608e-08 1.35270015e-08 2.96776603e-08 4.88089991e-07 1.02713740e-05 5.00725233e-06 1.11725843e-01 3.54761760e-07
gen1428perm57 0.4241507675706950 1.26216219e-01 4.04423845e-01 3.71807477e-03 7.23968870e-04 2.70669738e-03 3.08713459e+00 1.08696856e-03 1.91749128e-01 1.68709826e-02 1.03983768e-01 1.01525751e-01 6.81159520e-04 7.73175737e-02 1.80310519e-02 2.14012210e+00 5.60889327e-02 8.63117240e-02 8.21431172e-01 1.93774353e+01 1.15279224e-05 7.10258346e-07 3.74894224e-05 2.12799169e-04 2.19880998e+00 1.54956553e-08 1.47296535e-05 2.97693114e-07 1.06892273e-06 1.58971973e-05 2.74079608e-08 1.38100431e-08 3.31097857e-08 4.72328294e-07 1.00773729e-05 4.96748771e-06 1.11725843e-01 3.27946739e-07
gen1428perm97 0.4247890250626526 1.29385074e-01 4.21399075e-01 4.65294874e-03 7.33694894e-04 2.55174577e-03 3.25903521e+00 1.04052308e-03 1.89131849e-01 1.90480650e-02 1.00995019e-01 9.40890192e-02 8.16094919e-04 7.93454430e-02 1.94100420e-02 2.14012210e+00 6.03378127e-02 7.75516951e-02 8.21431172e-01 1.72000767e+01 1.08882133e-05 7.41780324e-07 3.36484303e-05 2.12799169e-04 2.09433276e+00 1.43024742e-08 1.48848500e-05 3.05004104e-07 1.04348501e-06 1.38892117e-05 2.84074007e-08 1.18471583e-08 2.96776603e-08 4.33881155e-07 1.02713740e-05 4.62498604e-06 1.11725843e-01 3.06866781e-07
gen1428perm58 0.4248595027361124 1.24196265e-01 4.04423845e-01 3.69065081e-03 7.15839794e-04 2.81042714e-03 3.25325815e+00 1.02517260e-03 1.93271733e-01 1.79789844e-02 9.36650640e-02 9.19956114e-02 8.30610533e-04 6.96435542e-02 2.08501844e-02 2.09550828e+00 5.60889327e-02 8.50930677e-02 8.21431172e-01 1.45730416e+01 1.19157608e-05 6.66016979e-07 3.35366308e-05 1.94812984e-04 2.19880998e+00 1.54226188e-08 1.47086304e-05 2.84908265e-07 9.99971461e-07 1.48339983e-05 2.80993947e-08 1.35270015e-08 2.96776603e-08 4.45913125e-07 1.02713740e-05 4.68663152e-06 1.11725843e-01 3.16399224e-07
gen1428perm22 0.4250116017110652 1.26216219e-01 4.21399075e-01 3.97286621e-03 7.23968870e-04 2.99400404e-03 3.25325815e+00 1.02517260e-03 2.08581845e-01 1.86860813e-02 1.00995019e-01 1.01525751e-01 8.31367289e-04 7.93454430e-02 1.50827584e-02 2.03308833e+00 5.29091474e-02 8.50930677e-02 8.21431172e-01 1.69674117e+01 1.01632786e-05 6.91232626e-07 2.98528167e-05 2.12799169e-04 2.18105121e+00 1.55393384e-08 1.47323682e-05 3.33052715e-07 1.06636541e-06 1.54833668e-05 2.87476930e-08 1.29602676e-08 3.03188614e-08 4.54634792e-07 1.06257045e-05 4.62498604e-06 1.11725843e-01 3.20888263e-07
gen1428perm89 0.4250791445992442 1.24196265e-01 4.21399075e-01 4.38912091e-03 7.63160705e-04 3.06234460e-03 3.25325815e+00 1.04033126e-03 1.90733594e-01 1.79679092e-02 9.63814591e-02 1.59848261e-01 9.39618613e-04 7.93454430e-02 1.87924372e-02 1.92080081e+00 5.60889327e-02 8.50930677e-02 8.21431172e-01 1.59533395e+01 9.69034072e-06 6.88270085e-07 3.67674887e-05 2.06505898e-04 2.05040068e+00 1.69122726e-08 1.47086304e-05 3.33052715e-07 1.09892360e-06 1.50229408e-05 3.06448639e-08 1.18471583e-08 2.86503764e-08 4.65292347e-07 1.02713740e-05 4.62498604e-06 1.11725843e-01 3.41287015e-07
gen1428perm32 0.4250921876939542 1.33032329e-01 4.21399075e-01 4.08210660e-03 7.23968870e-04 2.52054865e-03 3.24939489e+00 1.05218907e-03 1.85720349e-01 1.79679092e-02 1.00995019e-01 1.04515997e-01 7.30207661e-04 7.58351551e-02 2.03322641e-02 1.97792602e+00 5.60889327e-02 8.04506836e-02 8.21431172e-01 1.57401221e+01 1.21801463e-05 7.10258346e-07 3.36484303e-05 2.12739331e-04 2.13720676e+00 1.43024742e-08 1.38839511e-05 3.02382308e-07 1.30581491e-06 1.55221148e-05 2.95531536e-08 1.14294984e-08 2.98900176e-08 4.84299239e-07 1.02713740e-05 4.59959572e-06 1.11725843e-01 3.08751304e-07
gen1428perm118 0.4253425144211650 1.25212025e-01 3.90035495e-01 4.32633472e-03 6.76889471e-04 2.52054865e-03 3.25325815e+00 1.05218907e-03 1.92517741e-01 1.64331385e-02 9.85727481e-02 1.59848261e-01 9.70153198e-04 5.92953197e-02 1.50827584e-02 1.82682917e+00 5.83214570e-02 8.16359150e-02 8.21431172e-01 1.57401221e+01 1.14872970e-05 6.91232626e-07 3.10157628e-05 2.05128136e-04 2.19880998e+00 1.54956553e-08 1.47323682e-05 3.02382308e-07 1.10371985e-06 1.45247370e-05 2.64490118e-08 1.16537155e-08 2.66159154e-08 4.68164317e-07 9.69459114e-06 4.62498604e-06 1.11725843e-01 3.28206962e-07
gen1428perm11 0.4261555802043316 1.24196265e-01 3.93674329e-01 3.88586014e-03 7.43055932e-04 2.55174577e-03 3.24939489e+00 1.02517260e-03 1.91749128e-01 1.79789844e-02 1.00995019e-01 1.04515997e-01 7.79083522e-04 6.88532706e-02 2.08501844e-02 1.99638853e+00 5.60889327e-02 8.50930677e-02 8.21431172e-01 1.59533395e+01 1.16454378e-05 7.41780324e-07 3.57709983e-05 2.12799169e-04 2.19880998e+00 1.40545994e-08 1.47086304e-05 3.05809679e-07 1.10916873e-06 1.38892117e-05 2.94862420e-08 8.13384538e-09 2.96776603e-08 4.72328294e-07 1.02713740e-05 4.68663152e-06 1.11418310e-01 3.54761760e-07
gen1428perm67 0.4262294315301998 1.29385074e-01 3.89470202e-01 4.22923305e-03 7.24744204e-04 2.79719962e-03 3.24939489e+00 1.05218907e-03 1.97420942e-01 2.00762127e-02 1.08250168e-01 1.04515997e-01 7.79083522e-04 6.70684195e-02 1.87924372e-02 1.95601094e+00 5.60889327e-02 8.50930677e-02 8.21431172e-01 1.72000767e+01 1.26001068e-05 7.44719323e-07 3.67987738e-05 2.12799169e-04 2.08794078e+00 1.49615647e-08 1.58215736e-05 3.05809679e-07 1.30581491e-06 1.51790890e-05 2.74079608e-08 1.26132113e-08 3.08079118e-08 4.84299239e-07 1.02713740e-05 4.67591367e-06 1.11725843e-01 3.29841364e-07
gen1428perm24 0.4265811633702151 1.25212025e-01 4.04423845e-01 4.31777950e-03 6.76889471e-04 2.57576515e-03 3.25325815e+00 1.04214223e-03 1.90733594e-01 1.84158346e-02 1.07064619e-01 1.50978463e-01 8.26072852e-04 7.51217872e-02 1.50827584e-02 2.14012210e+00 5.60889327e-02 8.50930677e-02 8.21431172e-01 1.79179991e+01 1.09674313e-05 7.10258346e-07 2.84663057e-05 2.16885040e-04 2.18105121e+00 1.54956553e-08 1.47086304e-05 2.76803523e-07 9.17492788e-07 1.59606696e-05 3.04103045e-08 1.39924798e-08 2.76980145e-08 4.84791772e-07 1.02713740e-05 4.62498604e-06 1.13504664e-01 3.20603582e-07
gen1428perm123 0.4268570552565333 1.19355098e-01 3.90035495e-01 3.57253947e-03 7.23968870e-04 2.99400404e-03 3.25325815e+00 9.96431743e-04 1.90733594e-01 1.70831469e-02 1.00995019e-01 1.60221405e-01 7.88256298e-04 7.37895556e-02 1.86465196e-02 2.02241743e+00 5.60889327e-02 8.50930677e-02 8.21431172e-01 1.60854481e+01 1.17663024e-05 6.91232626e-07 3.17417747e-05 1.94107363e-04 2.18105121e+00 1.55393384e-08 1.47323682e-05 2.69355373e-07 1.07897041e-06 1.54482378e-05 3.02854214e-08 1.36889215e-08 2.22855703e-08 4.52069290e-07 1.08623890e-05 4.62498604e-06 1.11725843e-01 3.51313487e-07
gen1428perm143 0.4269260612220215 1.26934865e-01 4.21399075e-01 3.97286621e-03 7.95229685e-04 2.55174577e-03 3.25325815e+00 1.03194178e-03 1.81430428e-01 1.79679092e-02 1.03797077e-01 1.01964822e-01 8.56774033e-04 6.98773690e-02 2.16961791e-02 2.14012210e+00 5.20942221e-02 8.50930677e-02 8.21431172e-01 1.59533395e+01 9.09088603e-06 7.54306546e-07 3.26384307e-05 2.12799169e-04 2.19880998e+00 1.70306080e-08 1.47086304e-05 3.05809679e-07 1.09853931e-06 1.36943418e-05 2.74079608e-08 1.26132113e-08 3.28876220e-08 4.35110236e-07 1.02713740e-05 4.62498604e-06 1.11725843e-01 3.06866781e-07
gen1428perm45 0.4270407955537831 1.26216219e-01 4.04423845e-01 3.88586014e-03 6.87220483e-04 2.55174577e-03 3.25845625e+00 1.05218907e-03 1.81267665e-01 1.96049200e-02 1.00995019e-01 1.01964822e-01 7.88256298e-04 7.51217872e-02 1.83928785e-02 2.21855494e+00 5.59429788e-02 9.12579158e-02 8.21431172e-01 1.85643057e+01 9.69034072e-06 7.10258346e-07 2.84663057e-05 2.04273177e-04 2.04931951e+00 1.43024742e-08 1.47086304e-05 2.76803523e-07 1.16625742e-06 1.53250757e-05 2.95531536e-08 1.26132113e-08 2.74715667e-08 4.59782113e-07 1.07280760e-05 4.62498604e-06 1.11725843e-01 3.08542138e-07
gen1428perm144 0.4277835586845399 1.29385074e-01 4.22197053e-01 4.24527809e-03 7.94036341e-04 2.57446423e-03 3.25325815e+00 1.01725240e-03 1.91749128e-01 1.79679092e-02 1.00995019e-01 9.76392680e-02 7.79083522e-04 7.63710902e-02 1.90501837e-02 2.10163231e+00 5.22353091e-02 8.56048767e-02 8.21431172e-01 1.76376871e+01 8.77012794e-06 7.50950558e-07 3.08403178e-05 2.06375068e-04 2.19880998e+00 1.54956553e-08 1.47086304e-05 3.05809679e-07 1.12072606e-06 1.33716780e-05 2.74079608e-08 1.32251754e-08 2.53649540e-08 4.42763728e-07 1.03633660e-05 4.33262773e-06 1.11725843e-01 3.54761760e-07
gen1428perm54 0.4279900603405002 1.14477736e-01 3.90035495e-01 3.47937094e-03 7.23968870e-04 3.22684283e-03 3.24939489e+00 1.05218907e-03 1.90733594e-01 1.79679092e-02 1.00995019e-01 1.40597332e-01 7.79083522e-04 7.51217872e-02 1.63991473e-02 1.84075170e+00 5.60889327e-02 8.48622125e-02 8.21431172e-01 1.59533395e+01 1.08882133e-05 7.24940035e-07 3.61232317e-05 2.12739331e-04 2.18105121e+00 1.46562791e-08 1.47323682e-05 2.79696114e-07 1.30581491e-06 1.54482378e-05 2.95531536e-08 1.14294984e-08 2.98900176e-08 4.84299239e-07 1.02713740e-05 4.62498604e-06 1.11725843e-01 2.88103829e-07
gen1428perm42 0.4280832596167372 1.25212025e-01 3.90035495e-01 4.32633472e-03 7.17961966e-04 2.74209901e-03 3.25325815e+00 1.05218907e-03 1.90733594e-01 2.10322035e-02 9.59697594e-02 1.01975265e-01 7.03433549e-04 6.20212814e-02 1.50827584e-02 2.05595660e+00 5.60889327e-02 8.50930677e-02 8.21431172e-01 1.57401221e+01 1.01632786e-05 6.91232626e-07 2.97505421e-05 1.97736994e-04 2.18105121e+00 1.50425994e-08 1.61869447e-05 3.02382308e-07 1.00007738e-06 1.54833668e-05 3.04103045e-08 1.16537155e-08 2.76980145e-08 4.84791772e-07 1.02713740e-05 4.31520907e-06 1.11725843e-01 3.03632288e-07
gen1428perm41 0.4281013191215670 1.32407984e-01 3.90035495e-01 4.31777950e-03 6.76889471e-04 2.75026956e-03 3.25325815e+00 1.05218907e-03 1.90733594e-01 1.97012877e-02 1.00995019e-01 1.50978463e-01 7.88256298e-04 6.20212814e-02 1.50827584e-02 2.01618310e+00 5.60889327e-02 8.50930677e-02 8.21431172e-01 1.60032134e+01 1.01632786e-05 6.91232626e-07 3.08028652e-05 2.06505898e-04 2.18105121e+00 1.48361314e-08 1.47323682e-05 2.95486759e-07 1.00007738e-06 1.42866177e-05 3.02854214e-08 1.30070889e-08 2.63238251e-08 4.94847415e-07 9.81880947e-06 4.62498604e-06 1.11725843e-01 3.41287015e-07
gen1428perm21 0.4281775137918461 1.24196265e-01 3.90035495e-01 3.87986217e-03 6.83085702e-04 2.55174577e-03 3.25325815e+00 1.04052308e-03 1.91749128e-01 1.79679092e-02 1.02148981e-01 1.01525751e-01 7.88256298e-04 6.27348389e-02 1.87924372e-02 2.02878346e+00 5.83936169e-02 8.50930677e-02 8.21431172e-01 1.59913440e+01 9.69034072e-06 7.41780324e-07 2.97505421e-05 2.06307859e-04 2.19880998e+00 1.35505673e-08 1.53362809e-05 3.02382308e-07 9.90135889e-07 1.70025163e-05 3.02854214e-08 1.30070889e-08 2.66159154e-08 4.69354909e-07 1.02713740e-05 4.62498604e-06 1.11725843e-01 3.03632288e-07
gen1428perm75 0.4284833602281728 1.24312427e-01 3.84982916e-01 4.24520347e-03 7.24744204e-04 2.55174577e-03 3.25325815e+00 1.02517260e-03 1.93351868e-01 1.79679092e-02 1.00995019e-01 1.04365824e-01 7.41547230e-04 7.14804391e-02 1.96265738e-02 2.02241743e+00 5.60889327e-02 8.08294080e-02 8.21431172e-01 1.60762919e+01 9.69034072e-06 6.91232626e-07 3.08403178e-05 2.12799169e-04 2.19880998e+00 1.55393384e-08 1.36866965e-05 2.69355373e-07 1.07897041e-06 1.54482378e-05 2.84074007e-08 1.36889215e-08 3.03582719e-08 4.65292347e-07 1.02713740e-05 4.90456017e-06 1.11725843e-01 3.06866781e-07
gen1428perm104 0.4285323512687722 1.21674975e-01 4.22197053e-01 3.97286621e-03 7.24744204e-04 2.50085308e-03 3.21397690e+00 1.05218907e-03 1.90733594e-01 1.79679092e-02 1.00995019e-01 1.01525751e-01 7.88256298e-04 6.98773690e-02 2.06128690e-02 2.14351644e+00 5.60889327e-02 8.50930677e-02 8.21431172e-01 1.48601218e+01 1.01143734e-05 6.91232626e-07 3.67987738e-05 2.12799169e-04 2.19880998e+00 1.54956553e-08 1.47086304e-05 2.84908265e-07 1.16625742e-06 1.38892117e-05 2.74079608e-08 1.26132113e-08 2.74715667e-08 5.02901497e-07 1.10132336e-05 4.68663152e-06 1.11725843e-01 3.29841364e-07
gen1428perm66 0.4286371046668562 1.25754553e-01 3.94916417e-01 4.37067983e-03 7.24744204e-04 2.55174577e-03 3.25325815e+00 1.05218907e-03 1.93271733e-01 1.89962164e-02 1.00995019e-01 1.04365824e-01 8.59104928e-04 7.37895556e-02 1.96265738e-02 1.96006037e+00 5.50632527e-02 8.50930677e-02 8.21431172e-01 1.57401221e+01 1.04548396e-05 7.46716106e-07 3.10965803e-05 2.05128136e-04 2.19880998e+00 1.40127534e-08 1.34228551e-05 2.80112702e-07 1.02539498e-06 1.58971973e-05 2.75677947e-08 1.26555907e-08 2.96776603e-08 4.65292347e-07 1.02713740e-05 4.38355855e-06 1.11725843e-01 3.06866781e-07
gen1428perm99 0.4287175435528304 1.25212025e-01 4.27885924e-01 4.24840546e-03 6.92915378e-04 2.43105306e-03 3.25325815e+00 1.02485253e-03 1.91749128e-01 1.79679092e-02 1.00995019e-01 1.02742933e-01 7.41103028e-04 7.51217872e-02 1.97724354e-02 1.96006037e+00 5.60889327e-02 8.50930677e-02 8.21431172e-01 1.38391008e+01 1.13556193e-05 6.91232626e-07 2.66572722e-05 2.05128136e-04 2.22329224e+00 1.55484682e-08 1.34935614e-05 3.25037812e-07 1.16625742e-06 1.68554127e-05 2.74079608e-08 1.26132113e-08 2.74715667e-08 4.79747065e-07 1.11622126e-05 4.68663152e-06 1.11725843e-01 3.58586170e-07
gen1428perm91 0.4294270466121028 1.29385074e-01 4.04423845e-01 3.52847052e-03 6.57266772e-04 2.69288966e-03 3.25325815e+00 1.01442196e-03 1.91749128e-01 1.79679092e-02 1.00995019e-01 9.19918305e-02 8.28139439e-04 7.51217872e-02 1.39801880e-02 2.06010852e+00 5.60889327e-02 8.50930677e-02 8.21431172e-01 1.76376871e+01 1.01632786e-05 6.65967016e-07 2.97505421e-05 2.01802648e-04 2.19880998e+00 1.58933273e-08 1.37527506e-05 3.05004104e-07 1.16625742e-06 1.64995219e-05 3.02854214e-08 1.25881975e-08 2.87673364e-08 4.29073927e-07 1.12159398e-05 4.63588076e-06 1.11725843e-01 2.92120303e-07
gen1428perm69 0.4294770210416127 1.26216219e-01 4.04423845e-01 3.61143708e-03 7.24744204e-04 2.46426714e-03 3.41765901e+00 1.05218907e-03 2.05471015e-01 1.79679092e-02 1.00995019e-01 1.01964822e-01 7.86005864e-04 8.00161320e-02 1.83928785e-02 2.14012210e+00 5.60889327e-02 8.50930677e-02 8.21431172e-01 1.57749251e+01 1.26001068e-05 7.10258346e-07 2.84663057e-05 1.95668354e-04 2.19880998e+00 1.58933273e-08 1.47086304e-05 3.29286337e-07 1.16598422e-06 1.53250757e-05 2.95531536e-08 1.33517752e-08 2.88562648e-08 4.64625018e-07 1.02713740e-05 4.62498604e-06 1.11725843e-01 3.29841364e-07
gen1428perm13 0.4298673430739428 1.23926836e-01 3.90035495e-01 3.61276876e-03 7.24744204e-04 2.92504279e-03 3.25325815e+00 1.05218907e-03 1.91749128e-01 1.79679092e-02 1.00995019e-01 1.01964822e-01 8.94107781e-04 5.77196642e-02 1.97724354e-02 2.14012210e+00 5.54965881e-02 8.75332215e-02 8.21431172e-01 1.57401221e+01 8.86321289e-06 6.47578914e-07 3.04206787e-05 2.12799169e-04 2.05392500e+00 1.55484682e-08 1.35490393e-05 2.75688401e-07 1.05488684e-06 1.50062353e-05 2.74079608e-08 1.18246997e-08 2.67781059e-08 4.72328294e-07 1.02713740e-05 4.62498604e-06 1.11725843e-01 3.03632288e-07
gen1428perm86 0.4302184955482090 1.24039328e-01 3.90035495e-01 3.98174409e-03 6.76889471e-04 2.75026956e-03 3.25325815e+00 1.05218907e-03 1.80252473e-01 1.92635062e-02 9.41690143e-02 1.01975265e-01 7.88256298e-04 7.37895556e-02 1.96265738e-02 2.14351644e+00 5.56066424e-02 8.50930677e-02 8.21431172e-01 1.59533395e+01 9.69034072e-06 6.91232626e-07 2.94529382e-05 2.42202988e-04 2.08456210e+00 1.45925231e-08 1.38675843e-05 2.96338353e-07 1.30581491e-06 1.53198402e-05 3.00139487e-08 1.33170165e-08 2.72803072e-08 4.72410533e-07 1.02713740e-05 4.62498604e-06 1.11725843e-01 3.41761593e-07
gen1428perm56 0.4308171828875464 1.24196265e-01 3.92143794e-01 3.93222782e-03 6.76889471e-04 2.60925642e-03 3.25325815e+00 1.05218907e-03 1.90733594e-01 1.79679092e-02 1.00995019e-01 1.02438995e-01 7.88256298e-04 6.37678110e-02 1.88241173e-02 2.08702671e+00 5.17397980e-02 8.50930677e-02 8.21431172e-01 1.63016953e+01 1.08882133e-05 6.91232626e-07 3.25363459e-05 2.12799169e-04 2.19880998e+00 1.54956553e-08 1.59780015e-05 2.96725064e-07 1.20434195e-06 1.53471042e-05 3.11291035e-08 9.76710088e-09 2.85008377e-08 4.94786891e-07 1.02713740e-05 5.00141705e-06 1.11725843e-01 3.06866781e-07
gen1428perm33 0.4311698290303699 1.18271491e-01 3.90035495e-01 3.95095455e-03 7.24744204e-04 2.55094947e-03 3.25325815e+00 9.68527773e-04 1.90733594e-01 1.79679092e-02 1.00995019e-01 1.01525751e-01 8.96090112e-04 6.37678110e-02 1.88761012e-02 2.14800196e+00 5.60889327e-02 8.50930677e-02 8.21431172e-01 1.57401221e+01 1.08882133e-05 6.91232626e-07 3.62040032e-05 1.89477152e-04 2.17409529e+00 1.54956553e-08 1.41894973e-05 2.84497396e-07 1.05526645e-06 1.64922550e-05 3.15782422e-08 1.16537155e-08 2.76980145e-08 4.34201248e-07 1.10370398e-05 4.62498604e-06 1.11547440e-01 3.15776051e-07
gen1428perm73 0.4313333920470320 1.26216219e-01 4.21399075e-01 3.71807477e-03 7.24744204e-04 2.74912398e-03 3.08172530e+00 1.04052308e-03 1.91749128e-01 1.79679092e-02 1.00995019e-01 1.01525751e-01 6.96000533e-04 7.93454430e-02 1.87924372e-02 2.14012210e+00 5.83706902e-02 8.50930677e-02 8.21431172e-01 1.59913440e+01 1.08882133e-05 6.91232626e-07 3.42897492e-05 2.06375068e-04 2.19880998e+00 1.35505673e-08 1.45769248e-05 3.05809679e-07 1.13311470e-06 1.30689226e-05 2.69901900e-08 1.26132113e-08 3.28734868e-08 4.72328294e-07 1.02713740e-05 4.45567750e-06 1.11725843e-01 3.06866781e-07
gen1428perm38 0.4314042343709789 1.25212025e-01 3.90035495e-01 4.32633472e-03 6.98816626e-04 2.55174577e-03 3.24939489e+00 1.05218907e-03 1.90733594e-01 1.90480650e-02 1.00995019e-01 1.04365824e-01 7.88256298e-04 7.93454430e-02 1.50827584e-02 1.92080081e+00 5.60889327e-02 8.50930677e-02 8.21431172e-01 1.47319468e+01 9.69034072e-06 7.41780324e-07 3.08028652e-05 1.97736994e-04 2.19880998e+00 1.48361314e-08 1.47323682e-05 2.95486759e-07 1.04348501e-06 1.42723257e-05 2.84074007e-08 1.30070889e-08 2.72982171e-08 4.65292347e-07 1.02713740e-05 4.62498604e-06 1.11725843e-01 3.06866781e-07
gen1428perm126 0.4327018645324106 1.26307494e-01 3.87080683e-01 3.66725562e-03 7.16360332e-04 2.52054865e-03 3.49533088e+00 9.79939480e-04 1.91749128e-01 1.72715312e-02 1.00995019e-01 1.01525751e-01 7.74287979e-04 7.51217872e-02 1.81172987e-02 2.14012210e+00 5.60889327e-02 8.50930677e-02 8.21431172e-01 1.45505123e+01 1.12846387e-05 7.10258346e-07 3.57709983e-05 1.99331318e-04 2.26137680e+00 1.45925231e-08 1.47086304e-05 3.01120220e-07 1.09892360e-06 1.63247585e-05 2.92640629e-08 1.16537155e-08 3.28932462e-08 4.72410533e-07 1.02713740e-05 4.62498604e-06 1.11725843e-01 3.03632288e-07
gen1428perm102 0.4329463937792891 1.24196265e-01 4.04423845e-01 3.88586014e-03 7.23968870e-04 2.99400404e-03 3.25845625e+00 1.02517260e-03 1.91749128e-01 1.91750035e-02 1.00995019e-01 1.01525751e-01 7.88256298e-04 6.95206231e-02 1.83928785e-02 2.14012210e+00 5.07238119e-02 8.50930677e-02 8.21431172e-01 1.57749251e+01 1.12846387e-05 7.10258346e-07 3.57709983e-05 2.06375068e-04 2.19880998e+00 1.55393384e-08 1.47086304e-05 3.02382308e-07 1.02084329e-06 1.53250757e-05 2.77520826e-08 1.26132113e-08 2.66159154e-08 4.59782113e-07 1.04702165e-05 4.24041675e-06 1.11725843e-01 3.29841364e-07
gen1428perm83 0.4335667258259705 1.24039328e-01 3.90035495e-01 4.22923305e-03 7.40942248e-04 2.65619473e-03 3.51931041e+00 1.05218907e-03 1.90733594e-01 2.00079954e-02 1.01134719e-01 1.01525751e-01 7.88256298e-04 6.19251004e-02 1.83928785e-02 2.02878346e+00 5.45400060e-02 8.50930677e-02 8.21431172e-01 1.88496209e+01 1.26001068e-05 7.10258346e-07 3.08403178e-05 2.05128136e-04 2.19880998e+00 1.43548652e-08 1.47086304e-05 3.05304595e-07 1.00007738e-06 1.44691961e-05 2.74079608e-08 1.30070889e-08 2.96776603e-08 4.72410533e-07 1.02259155e-05 4.62498604e-06 1.11725843e-01 3.51313487e-07
gen1428perm61 0.4336706690182560 1.25212025e-01 3.89195964e-01 3.97386481e-03 6.93983068e-04 2.98574078e-03 3.25325815e+00 1.05218907e-03 1.91749128e-01 1.73595683e-02 1.00995019e-01 9.81334107e-02 7.34060978e-04 6.70684195e-02 1.92972550e-02 2.14012210e+00 5.54965881e-02 8.50930677e-02 8.21431172e-01 1.48601218e+01 1.15446017e-05 6.43631569e-07 3.26684916e-05 1.94711892e-04 2.19880998e+00 1.33547957e-08 1.47323682e-05 2.84908265e-07 9.17492788e-07 1.40171041e-05 3.18920287e-08 1.28523553e-08 2.90779246e-08 5.00237095e-07 1.02713740e-05 4.62498604e-06 1.11725843e-01 3.06338569e-07
gen1428perm105 0.4341682325055272 1.24312427e-01 3.90035495e-01 3.88586014e-03 7.23968870e-04 2.60925642e-03 3.24939489e+00 1.05218907e-03 1.91749128e-01 1.79679092e-02 1.00995019e-01 9.54137732e-02 8.44293369e-04 7.51217872e-02 2.14770381e-02 1.98175400e+00 5.60889327e-02 8.68129208e-02 8.21431172e-01 1.38391008e+01 9.49424837e-06 7.10258346e-07 3.04206787e-05 2.11342979e-04 2.19880998e+00 1.55484682e-08 1.47086304e-05 3.05803724e-07 1.10371985e-06 1.44691961e-05 2.81030210e-08 1.23377549e-08 2.74715667e-08 4.31409091e-07 1.08016804e-05 4.68663152e-06 1.11725843e-01 3.14414380e-07
gen1428perm131 0.4352056550201032 1.26216219e-01 3.83095697e-01 3.88586014e-03 7.41414937e-04 2.55174577e-03 3.25845625e+00 1.05218907e-03 1.93271733e-01 1.79679092e-02 1.00995019e-01 1.01525751e-01 7.88256298e-04 7.63673860e-02 1.67855473e-02 2.14012210e+00 5.60889327e-02 8.15332761e-02 8.21431172e-01 1.60043299e+01 1.08882133e-05 7.10258346e-07 2.84663057e-05 2.06375068e-04 2.19880998e+00 1.43024742e-08 1.47086304e-05 3.02382308e-07 1.09892360e-06 1.58681628e-05 2.95531536e-08 1.26132113e-08 2.82352535e-08 4.59782113e-07 1.02713740e-05 4.33926958e-06 1.07944091e-01 3.29841364e-07
gen1428perm78 0.4357263927730579 1.24196265e-01 3.68799872e-01 4.32658454e-03 6.76889471e-04 2.49352563e-03 3.25845625e+00 1.05218907e-03 1.91749128e-01 1.79679092e-02 1.05793751e-01 1.08027204e-01 7.74287979e-04 6.37678110e-02 1.50827584e-02 2.14012210e+00 5.82544448e-02 8.50930677e-02 8.21431172e-01 1.57749251e+01 1.12846387e-05 7.10258346e-07 3.57709983e-05 2.05128136e-04 2.07902629e+00 1.54956553e-08 1.32894535e-05 3.24982906e-07 1.09892360e-06 1.58835785e-05 2.87848329e-08 1.26132113e-08 2.96776603e-08 4.39739637e-07 1.02713740e-05 4.62498604e-06 1.11725843e-01 2.95921863e-07
gen1428perm37 0.4357975454688364 1.26703616e-01 4.21399075e-01 4.24527809e-03 6.76889471e-04 2.74209901e-03 3.25325815e+00 1.04052308e-03 1.90733594e-01 1.94154504e-02 1.00995019e-01 1.01975265e-01 7.34060978e-04 6.20212814e-02 1.74600958e-02 2.15191105e+00 5.75899154e-02 8.50930677e-02 8.21431172e-01 1.62738228e+01 1.01632786e-05 6.88858433e-07 3.36484303e-05 2.25435093e-04 2.18105121e+00 1.43024742e-08 1.47086304e-05 3.33052715e-07 1.00007738e-06 1.54833668e-05 3.02854214e-08 1.18471583e-08 2.86503764e-08 4.72410533e-07 1.02713740e-05 4.62498604e-06 1.11725843e-01 3.03632288e-07
gen1428perm80 0.4358230952143713 1.25212025e-01 3.90035495e-01 4.00360619e-03 7.23968870e-04 2.45899832e-03 3.25325815e+00 1.05218907e-03 2.09075047e-01 1.86860813e-02 1.00995019e-01 1.61924784e-01 8.16282657e-04 6.20212814e-02 2.12163102e-02 2.14012210e+00 5.60889327e-02 8.56501440e-02 8.42308440e-01 1.82308381e+01 1.01632786e-05 6.91232626e-07 3.57709983e-05 2.05128136e-04 2.26843589e+00 1.53273079e-08 1.47086304e-05 2.95486759e-07 9.11315015e-07 1.58971973e-05 3.23743177e-08 1.30070889e-08 2.66159154e-08 4.72410533e-07 1.02713740e-05 4.62498604e-06 1.11725843e-01 3.14414380e-07
gen1428perm62 0.4367556280499262 1.29385074e-01 4.10463266e-01 3.69065081e-03 7.24744204e-04 2.83201004e-03 3.48737722e+00 1.03482718e-03 1.93271733e-01 1.84158346e-02 1.00995019e-01 1.01525751e-01 7.47682591e-04 6.72590791e-02 1.83928785e-02 2.14012210e+00 5.49021575e-02 8.16303034e-02 8.21431172e-01 1.51018965e+01 9.69034072e-06 7.10258346e-07 2.84663057e-05 2.16885040e-04 1.98169469e+00 1.54956553e-08 1.39288467e-05 3.02382308e-07 1.09892360e-06 1.50240659e-05 2.87848329e-08 1.16537155e-08 2.85104653e-08 4.72328294e-07 1.02412225e-05 4.62498604e-06 1.11725843e-01 3.15776051e-07
gen1428perm25 0.4371789975995523 1.29385074e-01 4.22197053e-01 4.33263323e-03 7.63160705e-04 2.92504279e-03 3.25325815e+00 1.01725240e-03 1.90733594e-01 1.82714423e-02 1.00995019e-01 1.01975265e-01 8.54035674e-04 7.11720935e-02 1.97724354e-02 1.99614770e+00 5.60889327e-02 8.50930677e-02 8.21431172e-01 1.59533395e+01 1.29316880e-05 6.98682157e-07 3.21745405e-05 2.12799169e-04 2.19880998e+00 1.54956553e-08 1.47086304e-05 3.05809679e-07 1.12072606e-06 1.55157408e-05 2.73359506e-08 1.26132113e-08 3.08079118e-08 4.35110236e-07 1.02700709e-05 4.62498604e-06 1.15848822e-01 3.06866781e-07
gen1428perm76 0.4379270985222785 1.24196265e-01 4.22852963e-01 3.57253947e-03 7.91973347e-04 2.99400404e-03 3.25325815e+00 1.15658952e-03 1.90733594e-01 1.79679092e-02 1.00995019e-01 1.51554197e-01 7.88256298e-04 7.37895556e-02 1.96265738e-02 1.96006037e+00 5.89169046e-02 9.21827396e-02 8.21431172e-01 1.82308381e+01 1.15279224e-05 6.91232626e-07 3.39384782e-05 1.95292095e-04 2.13509757e+00 1.37591887e-08 1.47296535e-05 3.02382308e-07 1.04348501e-06 1.20386794e-05 2.53359202e-08 1.20707791e-08 2.97934421e-08 4.52069290e-07 1.02713740e-05 4.62498604e-06 1.11725843e-01 3.16679085e-07
gen1428perm7 0.4380401695641623 1.31468009e-01 4.04423845e-01 4.15870903e-03 7.63160705e-04 2.55174577e-03 3.24939489e+00 1.05013214e-03 1.93271733e-01 1.75812615e-02 1.00995019e-01 9.25863509e-02 7.23705846e-04 7.51217872e-02 1.87924372e-02 1.95601094e+00 4.97619603e-02 8.50930677e-02 8.21431172e-01 1.59533395e+01 1.00282134e-05 7.10258346e-07 3.10965803e-05 2.05128136e-04 2.19880998e+00 1.43548652e-08 1.47086304e-05 2.80112702e-07 1.02539498e-06 1.38892117e-05 2.76463230e-08 8.81127440e-09 3.08079118e-08 4.84299239e-07 1.02713740e-05 4.62498604e-06 1.14996033e-01 3.53919190e-07
gen1428perm111 0.4391537709488268 1.24196265e-01 3.68835518e-01 4.22845482e-03 7.43637819e-04 2.99400404e-03 3.25845625e+00 1.05463738e-03 1.93271733e-01 1.79679092e-02 1.11035192e-01 1.01975265e-01 7.34060978e-04 7.64973213e-02 1.97724354e-02 1.76123680e+00 5.60889327e-02 8.50930677e-02 8.21431172e-01 1.57749251e+01 1.07938191e-05 7.25779570e-07 3.57709983e-05 2.12799169e-04 2.09033185e+00 1.55393384e-08 1.37843629e-05 3.26639568e-07 1.00531136e-06 1.55157408e-05 2.74079608e-08 1.26132113e-08 2.96776603e-08 4.70741485e-07 1.02713740e-05 4.59649849e-06 1.11725843e-01 3.46611475e-07
gen1428perm55 0.4394699086369769 1.25212025e-01 3.54103169e-01 4.03804376e-03 7.79508510e-04 2.55174577e-03 3.25845625e+00 1.00302559e-03 1.93351868e-01 1.85899240e-02 1.00995019e-01 1.59848261e-01 7.49346361e-04 7.37895556e-02 1.50827584e-02 2.02878346e+00 5.80133941e-02 8.50930677e-02 8.21431172e-01 1.60762919e+01 9.69034072e-06 7.07923142e-07 2.91007577e-05 1.99534231e-04 2.19880998e+00 1.55137228e-08 1.55194131e-05 3.02382308e-07 1.05804941e-06 1.25820034e-05 2.55857841e-08 1.16537155e-08 2.96776603e-08 4.33784404e-07 1.02713740e-05 4.62498604e-06 1.08213516e-01 3.03632288e-07
gen1428perm82 0.4408100030438604 1.25212025e-01 3.90035495e-01 4.00360619e-03 7.57308738e-04 2.83201004e-03 3.25325815e+00 1.03482718e-03 1.93271733e-01 1.86860813e-02 1.04731798e-01 1.01525751e-01 7.47682591e-04 7.37895556e-02 1.97617309e-02 1.96006037e+00 5.60889327e-02 8.50930677e-02 7.91863549e-01 1.59468471e+01 1.15279224e-05 6.91232626e-07 3.48925815e-05 2.23782974e-04 2.35144470e+00 1.63632757e-08 1.47323682e-05 2.95486759e-07 9.19254258e-07 1.58971973e-05 2.74079608e-08 1.30070889e-08 2.72982171e-08 4.51676505e-07 1.02713740e-05 4.62498604e-06 1.11725843e-01 3.03632288e-07
gen1428perm141 0.4410239154173186 1.25212025e-01 3.90035495e-01 3.61276876e-03 7.24744204e-04 2.57576515e-03 3.25325815e+00 9.59660734e-04 1.93271733e-01 1.84158346e-02 1.00995019e-01 9.62752125e-02 7.47682591e-04 7.51217872e-02 1.97724354e-02 2.17155522e+00 5.08119807e-02 8.63360239e-02 8.21431172e-01 1.25513048e+01 1.08882133e-05 6.86776880e-07 3.04206787e-05 2.05128136e-04 2.19861168e+00 1.43548652e-08 1.47323682e-05 2.62489359e-07 1.05488684e-06 1.51980796e-05 2.79566693e-08 1.39924798e-08 2.77204017e-08 4.99669119e-07 1.09742372e-05 4.62498604e-06 1.11725843e-01 3.31558833e-07
gen1428perm29 0.4417710871454502 1.24196265e-01 4.04423845e-01 3.88586014e-03 7.23968870e-04 2.99400404e-03 3.24939489e+00 1.02517260e-03 1.91749128e-01 1.79789844e-02 1.00995019e-01 1.01525751e-01 7.88256298e-04 7.37895556e-02 1.92135305e-02 2.22523258e+00 5.60889327e-02 8.50930677e-02 8.60121019e-01 1.43035098e+01 1.15279224e-05 7.64061397e-07 3.57709983e-05 1.90583331e-04 2.19880998e+00 1.56174961e-08 1.47086304e-05 3.31030481e-07 1.06892273e-06 1.53250757e-05 2.74079608e-08 1.26132113e-08 2.66159154e-08 4.72328294e-07 1.02713740e-05 4.68932011e-06 1.11725843e-01 3.14414380e-07
gen1428perm10 0.4422562962577311 1.25212025e-01 4.38914967e-01 3.53671725e-03 7.63160705e-04 2.57576515e-03 3.32273800e+00 1.05463738e-03 1.93271733e-01 1.84158346e-02 1.00995019e-01 9.94562193e-02 7.94857223e-04 7.93454430e-02 1.86026684e-02 1.92080081e+00 5.60889327e-02 8.50930677e-02 8.21431172e-01 1.56671541e+01 1.08882133e-05 7.10258346e-07 2.59833387e-05 2.34980511e-04 2.19880998e+00 1.50101225e-08 1.47086304e-05 3.23726516e-07 1.04348501e-06 1.51980796e-05 2.54795650e-08 1.39278304e-08 2.86503764e-08 4.65292347e-07 1.02713740e-05 4.62498604e-06 1.11725843e-01 3.06866781e-07
gen1428perm130 0.4430194022815976 1.29385074e-01 3.90035495e-01 4.31777950e-03 6.76889471e-04 2.51823660e-03 3.25325815e+00 1.08010101e-03 1.90733594e-01 1.79679092e-02 9.50749662e-02 1.44464928e-01 8.64340219e-04 6.89452378e-02 1.63991473e-02 2.14012210e+00 5.60889327e-02 8.50930677e-02 8.21431172e-01 1.57401221e+01 1.06050973e-05 7.15647275e-07 3.10157628e-05 2.06375068e-04 2.07902629e+00 1.55137228e-08 1.47086304e-05 3.02382308e-07 1.16625742e-06 1.58971973e-05 2.87848329e-08 1.29857805e-08 2.94700147e-08 5.00237095e-07 1.02713740e-05 4.20358300e-06 1.11725843e-01 3.03632288e-07
gen1428perm35 0.4449219057308045 1.19773977e-01 4.04423845e-01 4.22923305e-03 7.23968870e-04 2.60925642e-03 3.24939489e+00 1.05218907e-03 1.99196127e-01 1.73967378e-02 1.00995019e-01 1.06543451e-01 8.28139439e-04 7.51217872e-02 2.14770381e-02 2.06010852e+00 5.60889327e-02 8.50930677e-02 8.21431172e-01 1.87481930e+01 1.26001068e-05 7.61762915e-07 3.67987738e-05 2.04916014e-04 2.06062318e+00 1.59684118e-08 1.40910847e-05 3.05004104e-07 1.16625742e-06 1.64995219e-05 2.74079608e-08 1.21424199e-08 3.09435789e-08 4.29073927e-07 9.37247212e-06 4.62498604e-06 1.08125657e-01 2.89476817e-07
gen1428perm70 0.4451401168785140 1.24196265e-01 3.90035495e-01 4.24520347e-03 6.77513440e-04 2.55174577e-03 3.25845625e+00 1.05218907e-03 1.93271733e-01 1.79789844e-02 1.09480493e-01 1.01975265e-01 7.87410706e-04 6.69148816e-02 1.97724354e-02 1.96006037e+00 5.60889327e-02 8.50930677e-02 8.38788074e-01 1.63785656e+01 1.08882133e-05 6.91232626e-07 4.00356176e-05 2.06375068e-04 2.29398260e+00 1.43024742e-08 1.47086304e-05 3.05004104e-07 1.05738670e-06 1.55157408e-05 2.84074007e-08 1.29482165e-08 2.74715667e-08 4.59782113e-07 1.02713740e-05 4.79795544e-06 1.11725843e-01 3.06866781e-07
gen1428perm88 0.4452103067765391 1.17651614e-01 4.25814340e-01 4.26019187e-03 7.24744204e-04 3.06234460e-03 3.25325815e+00 9.68527773e-04 1.90733594e-01 1.71397717e-02 1.05403856e-01 1.59848261e-01 8.96090112e-04 6.08459695e-02 1.88761012e-02 2.14012210e+00 5.60889327e-02 8.50930677e-02 8.21431172e-01 1.57401221e+01 1.08882133e-05 6.91232626e-07 3.67674887e-05 2.06505898e-04 2.28478067e+00 1.69122726e-08 1.41894973e-05 3.02382308e-07 1.09892360e-06 1.53471042e-05 3.15782422e-08 1.18471583e-08 2.45693823e-08 4.82282054e-07 1.02713740e-05 4.62498604e-06 1.11725843e-01 3.15776051e-07
gen1428perm103 0.4453156924474507 1.38700857e-01 3.90035495e-01 3.69065081e-03 7.63160705e-04 2.60925642e-03 3.25325815e+00 1.05710130e-03 1.91749128e-01 1.79679092e-02 9.33527098e-02 9.76392680e-02 7.79083522e-04 7.81008258e-02 1.90501837e-02 1.99614770e+00 5.60889327e-02 8.63117240e-02 8.43622513e-01 1.59533395e+01 9.69034072e-06 7.41780324e-07 3.08403178e-05 2.01136582e-04 2.19880998e+00 1.54956553e-08 1.47086304e-05 3.05809679e-07 1.12072606e-06 1.44691961e-05 2.74079608e-08 1.26132113e-08 3.08079118e-08 4.35110236e-07 1.02412225e-05 4.62498604e-06 1.11725843e-01 2.80086469e-07
gen1428perm71 0.4462497015953771 1.26519689e-01 4.04423845e-01 4.15870903e-03 6.93983068e-04 2.79196527e-03 3.25325815e+00 1.05463738e-03 2.03756609e-01 1.84158346e-02 9.93264687e-02 9.25863509e-02 7.47682591e-04 7.51217872e-02 1.83928785e-02 2.02878346e+00 5.92868625e-02 8.52659131e-02 8.21431172e-01 1.57967821e+01 1.00282134e-05 6.56669554e-07 4.00176494e-05 2.04916014e-04 2.15187345e+00 1.54956553e-08 1.47323682e-05 2.95578737e-07 1.02539498e-06 1.58971973e-05 2.74079608e-08 1.13509026e-08 2.96776603e-08 4.58066463e-07 1.02713740e-05 4.62498604e-06 1.11725843e-01 3.53919190e-07
gen1428perm92 0.4474724578079421 1.16773637e-01 3.90035495e-01 4.22923305e-03 7.23968870e-04 2.99400404e-03 3.06742549e+00 1.05218907e-03 1.93663023e-01 1.86860813e-02 1.00995019e-01 1.59848261e-01 8.60600318e-04 6.27348389e-02 1.94876784e-02 2.02878346e+00 5.60889327e-02 8.50930677e-02 8.53563619e-01 1.69674117e+01 1.26001068e-05 7.10258346e-07 3.67987738e-05 2.04916014e-04 2.13176318e+00 1.62685130e-08 1.47086304e-05 3.15720704e-07 9.72395347e-07 1.60777243e-05 2.74079608e-08 1.27776927e-08 2.96776603e-08 4.72328294e-07 1.03608920e-05 4.69495495e-06 1.11725843e-01 3.03632288e-07
gen1428perm43 0.4487879992074658 1.24196265e-01 4.06693581e-01 4.10508818e-03 6.76889471e-04 2.86189323e-03 2.97575653e+00 1.02517260e-03 1.91749128e-01 1.79789844e-02 1.03437247e-01 1.50978463e-01 7.88256298e-04 6.95206231e-02 2.08501844e-02 2.14012210e+00 5.88033072e-02 8.63117240e-02 8.54524389e-01 1.82308381e+01 1.05116739e-05 6.91232626e-07 3.57709983e-05 2.12799169e-04 2.19880998e+00 1.55393384e-08 1.47086304e-05 3.31030481e-07 1.00007738e-06 1.54833668e-05 2.74079608e-08 1.35270015e-08 3.02641914e-08 4.72328294e-07 1.02713740e-05 4.62498604e-06 1.11725843e-01 3.24670324e-07
gen1428perm84 0.4490924438617944 1.26519689e-01 3.90035495e-01 4.15870903e-03 7.36293397e-04 2.55174577e-03 3.25325815e+00 9.90125982e-04 1.90733594e-01 1.91329644e-02 1.00995019e-01 1.38985094e-01 7.66834522e-04 6.70684195e-02 1.80585645e-02 2.29777336e+00 5.60889327e-02 8.55733697e-02 8.10148726e-01 1.48583263e+01 1.00282134e-05 6.31603496e-07 3.17417747e-05 2.12799169e-04 2.00523747e+00 1.51335222e-08 1.40910847e-05 2.84908265e-07 1.09683641e-06 1.59094969e-05 2.74079608e-08 1.18246997e-08 3.11144783e-08 5.22637194e-07 1.02713740e-05 4.62498604e-06 1.11725843e-01 3.21874830e-07
gen1428perm87 0.4502379970826210 1.15015243e-01 3.98123121e-01 3.67743964e-03 7.06971287e-04 2.55094947e-03 3.27408095e+00 1.05218907e-03 1.90733594e-01 1.79679092e-02 1.00995019e-01 1.01525751e-01 7.88139128e-04 6.37678110e-02 2.03147606e-02 1.97210857e+00 5.59038627e-02 8.50930677e-02 8.21431172e-01 1.57401221e+01 1.05452093e-05 7.55258859e-07 3.43619431e-05 1.89477152e-04 2.05040068e+00 1.44760510e-08 1.39288467e-05 3.02382308e-07 1.09892360e-06 1.58971973e-05 3.06448639e-08 1.16537155e-08 3.20893816e-08 4.72328294e-07 1.03608920e-05 4.62498604e-06 1.11725843e-01 3.48977028e-07
gen1428perm16 0.4504668400951663 1.24196265e-01 3.90035495e-01 3.97286621e-03 7.23968870e-04 2.61580976e-03 3.25325815e+00 1.06371325e-03 1.90733594e-01 1.86860813e-02 1.00995019e-01 1.01525751e-01 7.88256298e-04 6.20212814e-02 1.51598045e-02 2.02878346e+00 5.15905795e-02 8.50930677e-02 8.02487088e-01 1.69674117e+01 1.09425276e-05 6.91232626e-07 2.97505421e-05 1.88924042e-04 1.97963370e+00 1.47864535e-08 1.47323682e-05 3.30697217e-07 1.00007738e-06 1.54833668e-05 3.02854214e-08 1.30070889e-08 2.66159154e-08 5.08567896e-07 1.02713740e-05 4.80748116e-06 1.11725843e-01 3.03632288e-07
gen1428perm90 0.4537962781360616 1.25212025e-01 3.90035495e-01 4.24527809e-03 7.06971287e-04 2.55174577e-03 3.09636183e+00 1.04052308e-03 2.09162637e-01 1.72168589e-02 1.00995019e-01 1.04365824e-01 7.34060978e-04 6.37678110e-02 1.96672749e-02 1.97210857e+00 5.60889327e-02 8.50930677e-02 8.21431172e-01 1.57401221e+01 1.08882133e-05 7.41780324e-07 3.36484303e-05 2.12799169e-04 2.19880998e+00 1.43024742e-08 1.39288467e-05 3.31235081e-07 1.04348501e-06 1.38892117e-05 3.09450139e-08 1.18471583e-08 2.45693823e-08 4.82282054e-07 1.03608920e-05 4.62498604e-06 1.11725843e-01 2.81501344e-07
gen1428perm94 0.4542195153317133 1.26519689e-01 3.90035495e-01 4.31777950e-03 7.36293397e-04 2.55174577e-03 3.21023122e+00 1.05218907e-03 1.90733594e-01 1.86860813e-02 1.00995019e-01 1.59848261e-01 7.47682591e-04 6.20212814e-02 1.55936330e-02 2.02878346e+00 5.60889327e-02 8.50930677e-02 8.21431172e-01 1.51018965e+01 9.67229701e-06 6.88270085e-07 3.62040032e-05 2.06505898e-04 2.01893003e+00 1.54956553e-08 1.36866242e-05 3.02382308e-07 1.00007738e-06 1.59094969e-05 3.02854214e-08 1.16537155e-08 3.11144783e-08 4.72328294e-07 1.03608920e-05 4.62498604e-06 1.16830084e-01 3.85778615e-07
gen1428perm98 0.4555862001275480 1.24196265e-01 3.90035495e-01 4.11702899e-03 7.74947615e-04 2.55174577e-03 3.33542191e+00 9.92416424e-04 2.09338395e-01 1.79679092e-02 1.04036341e-01 1.04365824e-01 7.13527455e-04 6.87813745e-02 1.87924372e-02 1.89536137e+00 5.23894443e-02 8.50930677e-02 8.21431172e-01 1.50813040e+01 9.69034072e-06 7.02152152e-07 3.76324597e-05 2.06375068e-04 2.19880998e+00 1.53452795e-08 1.47086304e-05 3.33052715e-07 1.09853931e-06 1.51790890e-05 2.74079608e-08 1.31648085e-08 2.94167467e-08 4.72328294e-07 9.42665481e-06 4.62498604e-06 1.11725843e-01 3.56577423e-07
gen1428perm12 0.4573861055062184 1.24196265e-01 4.21399075e-01 4.24527809e-03 8.31231166e-04 2.60925642e-03 3.25325815e+00 1.05218907e-03 1.90733594e-01 1.90480650e-02 1.00995019e-01 1.01964822e-01 9.23377935e-04 7.58277187e-02 1.87924372e-02 2.14012210e+00 5.60889327e-02 8.63117240e-02 8.70369535e-01 1.85400424e+01 1.16356712e-05 7.72601071e-07 3.36484303e-05 2.16467743e-04 2.19880998e+00 1.43024742e-08 1.47086304e-05 3.02382308e-07 1.30581491e-06 1.44691961e-05 2.74079608e-08 1.35270015e-08 3.08079118e-08 4.84299239e-07 1.04173251e-05 4.67591367e-06 1.11725843e-01 3.06866781e-07
gen1428perm127 0.4585548805066646 1.30277944e-01 4.04423845e-01 3.88586014e-03 6.56606591e-04 2.60925642e-03 3.25325815e+00 1.05218907e-03 1.91749128e-01 1.93302660e-02 1.00995019e-01 1.01964822e-01 8.64340219e-04 6.70684195e-02 1.63991473e-02 2.14012210e+00 5.15450306e-02 8.50930677e-02 8.21431172e-01 1.57749251e+01 1.08882133e-05 7.65638647e-07 2.73592835e-05 2.06375068e-04 2.19880998e+00 1.54956553e-08 1.47086304e-05 3.02382308e-07 1.16625742e-06 1.58971973e-05 2.95531536e-08 1.26132113e-08 2.98234625e-08 4.72328294e-07 1.02713740e-05 4.90630592e-06 1.11725843e-01 3.54761760e-07
gen1428perm5 0.4755201995976787 1.26519689e-01 3.90035495e-01 4.05475124e-03 7.24744204e-04 2.60925642e-03 3.25325815e+00 1.05218907e-03 1.90733594e-01 1.79679092e-02 1.08774500e-01 1.53291601e-01 7.34060978e-04 6.37678110e-02 1.92285179e-02 1.90378434e+00 5.47975316e-02 8.50930677e-02 8.21431172e-01 1.57401221e+01 1.14872970e-05 6.91232626e-07 3.15598985e-05 2.00030772e-04 2.22509181e+00 1.54956553e-08 1.47086304e-05 3.02382308e-07 1.01010199e-06 1.58971973e-05 2.74079608e-08 1.33225612e-08 2.96776603e-08 4.50242795e-07 1.02713740e-05 4.62498604e-06 1.06130482e-01 3.44259950e-07
gen1428perm8 0.4784691186621900 1.26519689e-01 4.21399075e-01 4.24527809e-03 6.93983068e-04 2.55174577e-03 3.25325815e+00 1.05463738e-03 1.90733594e-01 1.90480650e-02 1.00995019e-01 1.04515997e-01 7.79083522e-04 8.03246045e-02 1.83928785e-02 1.90378434e+00 5.60889327e-02 8.50930677e-02 8.21431172e-01 1.57401221e+01 1.16454378e-05 7.97302495e-07 3.36484303e-05 2.02604468e-04 2.19880998e+00 1.43024742e-08 1.47086304e-05 3.12231498e-07 1.30581491e-06 1.58971973e-05 2.77806695e-08 1.26555907e-08 2.96776603e-08 4.58066463e-07 1.08426071e-05 5.06473938e-06 1.11725843e-01 3.06866781e-07
gen1428perm26 0.4833102951871807 1.26934865e-01 3.90035495e-01 4.22923305e-03 7.24744204e-04 2.54649623e-03 3.25325815e+00 1.04408919e-03 1.93663023e-01 1.78107971e-02 1.00995019e-01 9.76392680e-02 8.28139439e-04 6.70684195e-02 1.90501837e-02 2.15731669e+00 5.14967187e-02 8.50930677e-02 8.93709388e-01 1.76376871e+01 9.69034072e-06 7.41780324e-07 3.56934071e-05 2.04916014e-04 2.13176318e+00 1.58933273e-08 1.47086304e-05 3.05004104e-07 1.06892273e-06 1.38892117e-05 2.74079608e-08 1.21424199e-08 2.72296970e-08 4.64625018e-07 1.02713740e-05 4.91993952e-06 1.11725843e-01 2.76463308e-07
gen1428perm122 0.4857033549820569 1.24196265e-01 3.60703988e-01 4.00360619e-03 7.06971287e-04 3.11448158e-03 3.24939489e+00 1.05218907e-03 1.91749128e-01 1.79679092e-02 1.00995019e-01 1.59848261e-01 8.96090112e-04 7.25822245e-02 1.96265738e-02 2.14012210e+00 5.60889327e-02 8.50930677e-02 8.24278323e-01 1.56277151e+01 9.21815688e-06 7.10258346e-07 3.47991885e-05 2.12799169e-04 2.05040068e+00 1.55393384e-08 1.39288467e-05 3.31030481e-07 1.06892273e-06 1.50607622e-05 2.74079608e-08 1.18471583e-08 2.45693823e-08 4.59600412e-07 1.02713740e-05 4.62498604e-06 1.04056415e-01 3.14414380e-07
gen1428perm114 0.4882280386468498 1.29385074e-01 4.04423845e-01 4.22923305e-03 6.76889471e-04 2.75026956e-03 3.25325815e+00 1.05218907e-03 1.90733594e-01 1.79679092e-02 1.00995019e-01 1.50978463e-01 7.43864721e-04 7.51217872e-02 1.94876784e-02 2.06010852e+00 5.60889327e-02 9.20275157e-02 8.21431172e-01 1.57401221e+01 1.01632786e-05 6.91232626e-07 3.67987738e-05 2.04916014e-04 2.13176318e+00 1.58933273e-08 1.47323682e-05 3.02382308e-07 1.16625742e-06 1.64995219e-05 3.04103045e-08 1.16537155e-08 2.96776603e-08 4.84791772e-07 1.02713740e-05 4.62498604e-06 1.06785495e-01 2.92120303e-07
gen1428perm109 0.4892259678313534 1.26519689e-01 4.04423845e-01 3.53118579e-03 7.24744204e-04 2.60925642e-03 3.19003045e+00 1.06488389e-03 1.93271733e-01 1.79679092e-02 9.34174028e-02 9.25863509e-02 7.23705846e-04 7.81008258e-02 1.48734831e-02 1.90378434e+00 5.78707379e-02 8.50930677e-02 8.21431172e-01 1.57401221e+01 9.32012832e-06 6.45119261e-07 3.10965803e-05 2.05128136e-04 1.98278322e+00 1.54956553e-08 1.47086304e-05 2.80112702e-07 1.16625742e-06 1.58971973e-05 2.74079608e-08 1.26555907e-08 2.96776603e-08 4.50315420e-07 1.02412225e-05 4.62498604e-06 1.19419454e-01 3.27946739e-07
gen1428perm119 0.4892601119513847 1.29385074e-01 4.21399075e-01 3.78757467e-03 7.76543304e-04 2.66158504e-03 3.25325815e+00 8.96540236e-04 1.91749128e-01 1.79679092e-02 1.00995019e-01 9.25165951e-02 8.46950242e-04 6.88532706e-02 1.97724354e-02 2.14012210e+00 5.60889327e-02 8.63117240e-02 8.21431172e-01 1.82308381e+01 1.15279224e-05 6.51465830e-07 3.57709983e-05 2.06375068e-04 2.19880998e+00 1.70306080e-08 1.47086304e-05 3.05809679e-07 1.00644024e-06 1.44691961e-05 2.74079608e-08 1.35270015e-08 2.96776603e-08 4.30286849e-07 1.02713740e-05 4.62498604e-06 1.11418310e-01 3.54761760e-07
gen1428perm14 0.4927959077088827 1.14705839e-01 4.28788840e-01 4.25748267e-03 6.76889471e-04 2.57151287e-03 3.25325815e+00 1.02485253e-03 1.91749128e-01 1.79679092e-02 1.00995019e-01 1.07760567e-01 8.39273189e-04 7.59698960e-02 1.50827584e-02 2.14351644e+00 5.89252127e-02 8.50930677e-02 8.64412645e-01 1.38391008e+01 1.15446017e-05 6.91232626e-07 3.26684916e-05 2.10649727e-04 2.05040068e+00 1.54956553e-08 1.47323682e-05 3.23417198e-07 1.09892360e-06 1.53250757e-05 2.96400433e-08 1.16537155e-08 2.96776603e-08 4.69181384e-07 1.02713740e-05 4.68663152e-06 1.11725843e-01 3.15776051e-07
gen1428perm117 0.4935528280667221 1.25212025e-01 4.24669636e-01 4.31777950e-03 6.93359651e-04 2.52698928e-03 3.25325815e+00 1.10686498e-03 1.90733594e-01 1.79679092e-02 1.00995019e-01 1.66554999e-01 7.88256298e-04 7.93412398e-02 1.50827584e-02 1.80524448e+00 5.60889327e-02 8.50930677e-02 8.21431172e-01 1.60565088e+01 1.27201113e-05 6.91232626e-07 3.14032250e-05 2.12725889e-04 2.18356361e+00 1.59684118e-08 1.39288467e-05 3.33052715e-07 1.04809051e-06 1.53471042e-05 2.70826979e-08 1.18471583e-08 2.76980145e-08 4.72328294e-07 1.02713740e-05 4.62498604e-06 1.06010433e-01 3.03632288e-07
gen1428perm74 0.4976152491240196 1.29385074e-01 4.11677804e-01 4.52817683e-03 6.93983068e-04 2.55174577e-03 3.25845625e+00 1.07658331e-03 1.90733594e-01 1.79679092e-02 1.00995019e-01 9.16980934e-02 7.56268930e-04 6.70684195e-02 1.87924372e-02 1.95108332e+00 5.60889327e-02 9.06698491e-02 8.80761217e-01 1.46870155e+01 1.00742759e-05 7.41780324e-07 3.08403178e-05 2.12799169e-04 2.15447427e+00 1.53452795e-08 1.52224822e-05 3.33052715e-07 1.09853931e-06 1.56893121e-05 2.87476930e-08 1.16602619e-08 3.03188614e-08 4.69354909e-07 1.02713740e-05 4.62498604e-06 1.11725843e-01 3.43118686e-07
gen1428perm60 0.4982438546056895 1.31785696e-01 4.04423845e-01 3.53671725e-03 7.74608300e-04 2.92504279e-03 3.02655951e+00 1.06480619e-03 1.93271733e-01 1.84158346e-02 9.11485460e-02 1.01975265e-01 7.34060978e-04 7.51217872e-02 2.05608236e-02 2.14012210e+00 5.60889327e-02 8.50930677e-02 8.21431172e-01 1.86938248e+01 1.08882133e-05 7.10258346e-07 3.36484303e-05 2.00509269e-04 2.19880998e+00 1.37866483e-08 1.47086304e-05 3.13173791e-07 1.01010199e-06 1.53471042e-05 2.74079608e-08 1.26096719e-08 2.96776603e-08 4.99105332e-07 1.02713740e-05 4.62498604e-06 1.11725843e-01 2.99189729e-07
gen1428perm68 0.5035783994095369 1.24196265e-01 4.32187371e-01 4.24527809e-03 7.63160705e-04 2.68188352e-03 3.24939489e+00 9.92416424e-04 1.91749128e-01 1.79679092e-02 1.05660973e-01 1.01525751e-01 7.88256298e-04 7.58277187e-02 1.97724354e-02 2.14012210e+00 5.60889327e-02 8.50930677e-02 8.21431172e-01 1.59533395e+01 1.16454378e-05 6.50548897e-07 3.36484303e-05 2.04916014e-04 2.19880998e+00 1.58933273e-08 1.47086304e-05 3.05004104e-07 1.06892273e-06 1.38892117e-05 2.79001091e-08 8.81127440e-09 2.96776603e-08 4.40624046e-07 1.02713740e-05 4.62498604e-06 1.11725843e-01 3.06866781e-07
gen1428perm129 0.5064015250374302 1.25212025e-01 4.04423845e-01 3.88586014e-03 7.23968870e-04 2.31694058e-03 3.25325815e+00 1.05218907e-03 1.93269838e-01 1.79679092e-02 1.10247231e-01 1.01964822e-01 8.70510789e-04 6.37678110e-02 1.50827584e-02 1.98250209e+00 5.50697475e-02 8.50930677e-02 8.21431172e-01 1.78491022e+01 1.14872970e-05 6.32461993e-07 3.05118528e-05 2.05128136e-04 2.38910695e+00 1.54956553e-08 1.39288467e-05 3.02382308e-07 1.00007738e-06 1.53471042e-05 2.95531536e-08 1.16537155e-08 2.85893843e-08 4.72328294e-07 1.03608920e-05 4.62498604e-06 1.11725843e-01 3.22926941e-07
gen1428perm115 0.5075732223277725 1.26519689e-01 4.04423845e-01 4.22923305e-03 6.93983068e-04 2.57576515e-03 3.25325815e+00 1.03162300e-03 1.93271733e-01 1.75812615e-02 1.00995019e-01 1.03263887e-01 7.88256298e-04 6.37678110e-02 2.04499423e-02 1.90378434e+00 5.60889327e-02 7.80113769e-02 8.21431172e-01 1.57401221e+01 1.08882133e-05 6.91232626e-07 3.08403178e-05 2.05128136e-04 2.06438754e+00 1.54956553e-08 1.47086304e-05 2.76803523e-07 1.03844535e-06 1.49268912e-05 2.74079608e-08 1.36807369e-08 2.96776603e-08 4.14578195e-07 1.02713740e-05 4.62498604e-06 1.18808307e-01 3.67957134e-07
gen1428perm107 0.5104758806946776 1.28897674e-01 4.04423845e-01 4.24527809e-03 7.15839794e-04 2.70669738e-03 3.06266648e+00 1.05218907e-03 1.79757132e-01 1.79679092e-02 1.00995019e-01 1.01964822e-01 6.81159520e-04 7.63710902e-02 1.74932017e-02 2.24104603e+00 5.60889327e-02 8.64799981e-02 8.21431172e-01 1.76376871e+01 9.19451037e-06 7.71022307e-07 3.33993763e-05 2.06375068e-04 2.09137137e+00 1.70306080e-08 1.51511580e-05 2.97693114e-07 1.09853931e-06 1.58971973e-05 2.74079608e-08 1.32251754e-08 3.37679720e-08 4.42763728e-07 1.02713740e-05 4.62498604e-06 1.11725843e-01 3.54761760e-07
gen1428perm133 0.5133893121136992 1.22212185e-01 3.90035495e-01 3.74615923e-03 7.24744204e-04 2.84257342e-03 3.25325815e+00 1.02485253e-03 1.91749128e-01 1.79679092e-02 1.00995019e-01 1.01975265e-01 8.03247055e-04 7.81008258e-02 1.97724354e-02 2.08055893e+00 5.60889327e-02 8.68129208e-02 8.21431172e-01 1.38391008e+01 1.15446017e-05 6.91232626e-07 2.97505421e-05 2.12799169e-04 2.11380980e+00 1.55133343e-08 1.47299909e-05 3.05004104e-07 1.05488684e-06 1.53471042e-05 2.92609243e-08 1.18246997e-08 2.87673364e-08 4.72328294e-07 1.02713740e-05 4.52471074e-06 1.03844350e-01 3.03632288e-07
gen1428perm106 0.5135576159884044 1.33534492e-01 4.04423845e-01 3.61276876e-03 7.56529413e-04 2.69188586e-03 3.25325815e+00 1.05218907e-03 1.92517741e-01 1.81994425e-02 1.00995019e-01 9.97895777e-02 7.88256298e-04 7.81008258e-02 1.96037673e-02 2.14351644e+00 5.60889327e-02 8.60421278e-02 8.21431172e-01 1.59533395e+01 1.08882133e-05 6.91232626e-07 3.16116090e-05 2.12799169e-04 2.06438754e+00 1.59684118e-08 1.30116181e-05 2.69355373e-07 1.06924945e-06 1.53250757e-05 2.67507223e-08 1.18246997e-08 3.10687649e-08 4.64625018e-07 1.02713740e-05 4.62518928e-06 1.21593088e-01 3.03632288e-07
gen1428perm128 0.5179725055207718 1.27827256e-01 4.04423845e-01 3.88586014e-03 7.23968870e-04 2.60925642e-03 3.25845625e+00 1.05218907e-03 1.76559112e-01 1.79679092e-02 1.00995019e-01 1.01964822e-01 7.88256298e-04 7.23634051e-02 1.68195861e-02 2.18193781e+00 5.21014054e-02 8.50930677e-02 8.96650564e-01 1.63016953e+01 1.06050973e-05 7.10258346e-07 3.05118528e-05 2.06375068e-04 2.19880998e+00 1.55137228e-08 1.47086304e-05 3.02382308e-07 1.03206318e-06 1.44691961e-05 2.74079608e-08 1.26132113e-08 2.52756746e-08 5.42808093e-07 1.02713740e-05 4.62498604e-06 1.11725843e-01 3.22926941e-07
gen1428perm36 0.5193313484105667 1.29385074e-01 4.04423845e-01 3.88586014e-03 7.23968870e-04 2.49785628e-03 3.25325815e+00 1.05218907e-03 1.87609837e-01 1.79679092e-02 1.00995019e-01 1.04515997e-01 8.44293369e-04 7.51217872e-02 1.94876784e-02 1.98175400e+00 5.60889327e-02 7.89611656e-02 7.72758386e-01 1.59533395e+01 1.08882133e-05 7.10258346e-07 3.16116090e-05 2.11342979e-04 2.06438754e+00 1.58933273e-08 1.47086304e-05 3.10570084e-07 1.17994886e-06 1.53250757e-05 2.74079608e-08 1.18471583e-08 2.98900176e-08 4.64625018e-07 1.02713740e-05 4.63588076e-06 1.11725843e-01 2.92120303e-07
gen1428perm34 0.5215987031745376 1.25212025e-01 3.58893672e-01 4.31777950e-03 7.24744204e-04 2.75026956e-03 3.25325815e+00 1.05218907e-03 1.90733594e-01 1.71397717e-02 1.00995019e-01 1.59848261e-01 7.88139128e-04 6.08459695e-02 2.17171432e-02 1.98250209e+00 6.02324355e-02 8.10719535e-02 8.21431172e-01 1.57401221e+01 1.15446017e-05 6.88270085e-07 3.43619431e-05 2.06505898e-04 2.05040068e+00 1.43511710e-08 1.39288467e-05 3.02382308e-07 1.09892360e-06 1.53471042e-05 3.15782422e-08 1.16537155e-08 3.20893816e-08 4.54645586e-07 1.02713740e-05 4.62498604e-06 1.18314063e-01 3.36924440e-07
gen1428perm15 0.5231985197240622 1.14302423e-01 3.90035495e-01 3.97286621e-03 7.35066926e-04 2.86218449e-03 3.25325815e+00 1.05218907e-03 1.91749128e-01 1.86860813e-02 9.94954596e-02 1.50978463e-01 7.88256298e-04 6.27348389e-02 1.50827584e-02 2.02878346e+00 5.60889327e-02 8.50930677e-02 8.21431172e-01 1.42174143e+01 1.01632786e-05 6.91232626e-07 2.97505421e-05 2.12725889e-04 2.18105121e+00 1.55393384e-08 1.47323682e-05 3.13425632e-07 9.01590245e-07 1.67831769e-05 3.02854214e-08 1.30070889e-08 2.96776603e-08 4.64184532e-07 1.02713740e-05 4.62498604e-06 1.19911951e-01 2.79740070e-07
gen1428perm85 0.5298253154257646 1.17651614e-01 4.16846004e-01 4.32633472e-03 6.92915378e-04 2.69266461e-03 3.25325815e+00 1.05218907e-03 1.91749128e-01 1.79679092e-02 1.00995019e-01 1.09577029e-01 7.34060978e-04 6.91393876e-02 1.50827584e-02 1.96006037e+00 5.59429788e-02 8.50930677e-02 8.96109856e-01 1.63016953e+01 9.69034072e-06 7.10258346e-07 3.08403178e-05 2.12799169e-04 2.05040068e+00 1.53614513e-08 1.47086304e-05 3.02382308e-07 1.09892360e-06 1.58971973e-05 2.87848329e-08 1.32330771e-08 2.77647860e-08 4.34488244e-07 1.02713740e-05 4.62498604e-06 1.11725843e-01 3.03632288e-07
gen1428perm120 0.5331683135175014 1.24196265e-01 4.04423845e-01 4.24527809e-03 7.24744204e-04 2.70669738e-03 3.12692093e+00 9.67115402e-04 1.91749128e-01 1.79789844e-02 1.00995019e-01 1.01964822e-01 9.26147509e-04 7.12736141e-02 2.08501844e-02 2.14012210e+00 5.60889327e-02 8.02006628e-02 8.21431172e-01 1.60191849e+01 1.05463597e-05 7.50950558e-07 3.22370618e-05 2.06375068e-04 2.19880998e+00 1.40545994e-08 1.47086304e-05 3.02382308e-07 1.10916873e-06 1.43665419e-05 2.74079608e-08 1.20939975e-08 2.51259089e-08 4.44809483e-07 1.02713740e-05 4.68663152e-06 1.17481181e-01 3.29696856e-07
gen1428perm48 0.5359098879360588 1.24312427e-01 3.90035495e-01 3.80560398e-03 7.06971287e-04 2.86189323e-03 3.25325815e+00 1.05218907e-03 1.90733594e-01 1.79679092e-02 1.00995019e-01 1.39235738e-01 6.79391254e-04 7.81008258e-02 2.06128690e-02 1.83689237e+00 5.60889327e-02 8.50930677e-02 8.21431172e-01 1.56277151e+01 9.66421167e-06 6.88270085e-07 3.63063892e-05 2.10959447e-04 2.06438754e+00 1.54956553e-08 1.48024441e-05 2.89620239e-07 1.05486958e-06 1.82234235e-05 3.02854214e-08 1.16537155e-08 2.85546041e-08 4.72328294e-07 1.02412225e-05 4.62498604e-06 1.21612633e-01 3.03632288e-07
gen1428perm47 0.5373255477240477 1.32691059e-01 3.89470202e-01 3.97286621e-03 7.56529413e-04 2.31135495e-03 3.25325815e+00 1.00196400e-03 1.90733594e-01 1.90924982e-02 1.01361919e-01 1.07418443e-01 7.88256298e-04 6.37678110e-02 2.07444247e-02 2.07330461e+00 5.60889327e-02 8.50930677e-02 7.45027991e-01 1.42174143e+01 9.69034072e-06 6.91232626e-07 3.04206787e-05 2.12799169e-04 2.18105121e+00 1.62486283e-08 1.47323682e-05 2.72689338e-07 1.09892360e-06 1.54833668e-05 2.74226899e-08 1.38498098e-08 2.45693823e-08 4.72328294e-07 1.03608920e-05 4.29448456e-06 1.11725843e-01 3.02381497e-07
gen1428perm59 0.5386079493618791 1.25212025e-01 3.90035495e-01 4.22845482e-03 7.44513895e-04 2.57576515e-03 3.25325815e+00 9.97615972e-04 1.90733594e-01 1.79679092e-02 1.02998514e-01 1.00192204e-01 8.75885176e-04 7.64973213e-02 1.83928785e-02 1.90378434e+00 5.53220129e-02 8.50930677e-02 8.93578287e-01 1.57401221e+01 1.01048931e-05 6.91232626e-07 3.07112005e-05 2.16885040e-04 2.05937555e+00 1.71782848e-08 1.40910847e-05 2.76803523e-07 9.17492788e-07 1.55157408e-05 2.84074007e-08 1.21424199e-08 2.78597165e-08 4.70741485e-07 1.02713740e-05 4.62498604e-06 1.11725843e-01 3.46611475e-07
gen1428perm113 0.5471605498058606 1.25212025e-01 3.90035495e-01 4.74324369e-03 7.23968870e-04 2.69288966e-03 3.25325815e+00 1.05218907e-03 1.83261539e-01 1.95960609e-02 1.00995019e-01 1.01964822e-01 8.28139439e-04 6.20212814e-02 1.53663014e-02 2.01618310e+00 5.92846682e-02 8.50930677e-02 8.21431172e-01 1.70058872e+01 1.26001068e-05 7.10258346e-07 2.88323365e-05 2.06505898e-04 2.18105121e+00 1.54956553e-08 1.47086304e-05 3.05004104e-07 1.00007738e-06 1.54833668e-05 2.74079608e-08 1.21424199e-08 2.76980145e-08 4.29073927e-07 1.02713740e-05 4.63588076e-06 1.20969799e-01 3.41287015e-07
gen1428perm77 0.5487997986451723 1.17258739e-01 4.16846004e-01 4.10508818e-03 6.76107639e-04 2.69974485e-03 3.25325815e+00 9.36455990e-04 1.90733594e-01 1.84141298e-02 1.00995019e-01 1.01964822e-01 8.94107781e-04 6.27162822e-02 1.96265738e-02 2.15548279e+00 5.54965881e-02 8.50930677e-02 8.21431172e-01 1.72277111e+01 9.69034072e-06 7.05007480e-07 3.49813989e-05 2.12799169e-04 2.19880998e+00 1.46401282e-08 1.39288467e-05 3.31030481e-07 1.09351777e-06 1.53471042e-05 2.74079608e-08 1.16537155e-08 2.66159154e-08 4.72328294e-07 1.02713740e-05 4.89920895e-06 1.01815002e-01 3.15776051e-07
gen1428perm28 0.5556007197509437 1.24196265e-01 4.04423845e-01 3.93261795e-03 7.24744204e-04 2.60925642e-03 3.25325815e+00 9.59143708e-04 1.91749128e-01 1.79679092e-02 1.00995019e-01 1.01964822e-01 7.88256298e-04 6.79886604e-02 2.08501844e-02 2.13431987e+00 5.60889327e-02 8.50930677e-02 8.84220962e-01 1.82308381e+01 1.15279224e-05 7.10258346e-07 2.73592835e-05 2.06375068e-04 2.19880998e+00 1.54956553e-08 1.50340605e-05 3.02382308e-07 1.03930506e-06 1.44691961e-05 2.74079608e-08 1.26132113e-08 2.70868427e-08 4.68417004e-07 1.02713740e-05 4.33363485e-06 1.10778409e-01 3.54761760e-07
gen1428perm96 0.5624186764786541 1.27239619e-01 3.75555333e-01 3.53671725e-03 7.73239980e-04 2.64192088e-03 3.13662015e+00 1.05218907e-03 1.91749128e-01 1.84158346e-02 1.00995019e-01 9.96028910e-02 7.88256298e-04 7.51217872e-02 2.08501844e-02 2.02878346e+00 5.44987468e-02 8.68975393e-02 7.67831136e-01 1.86938248e+01 1.04108776e-05 7.10258346e-07 2.84663057e-05 2.16885040e-04 2.19880998e+00 1.53146037e-08 1.47086304e-05 3.02382308e-07 9.17492788e-07 1.54833668e-05 2.74079608e-08 1.35880474e-08 2.78597165e-08 4.64383146e-07 1.02713740e-05 4.62498604e-06 1.11725843e-01 2.99189729e-07
gen1428perm79 0.6206104325728888 1.24196265e-01 4.04423845e-01 4.00848914e-03 7.31825340e-04 2.99400404e-03 3.01420669e+00 1.02517260e-03 1.91749128e-01 1.79789844e-02 1.00995019e-01 1.01525751e-01 7.88256298e-04 7.37895556e-02 1.50584472e-02 2.15405407e+00 5.75587380e-02 8.50930677e-02 7.48325300e-01 1.60032134e+01 1.15279224e-05 7.10258346e-07 2.90771138e-05 2.12799169e-04 2.24302008e+00 1.55393384e-08 1.47323682e-05 3.31030481e-07 1.06892273e-06 1.53250757e-05 2.74079608e-08 1.28468424e-08 2.72982171e-08 4.40624046e-07 1.02713740e-05 4.62498604e-06 1.11725843e-01 3.03632288e-07
