Permutation Chi-Sq km10__FREE km11__FREE km12__FREE km13__FREE km14__FREE km15__FREE km16__FREE km17__FREE km18__FREE km19__FREE km1__FREE km20__FREE km21__FREE km22__FREE km23__FREE km24__FREE km2__FREE km3__FREE km9__FREE kp10__FREE kp11__FREE kp12__FREE kp13__FREE kp14__FREE kp15__FREE kp17__FREE kp18__FREE kp19__FREE kp1__FREE kp20__FREE kp21__FREE kp22__FREE kp23__FREE kp24__FREE kp2__FREE kp3__FREE kp9__FREE
gen1390perm107 0.2775018180392081 3.36857965e-02 4.21626482e-02 1.34946186e-01 4.62007895e+01 8.58710940e+01 1.24709344e-03 4.97079438e-04 1.14910744e-02 1.76451110e-03 2.04110354e+00 2.59844089e-02 1.23350706e+00 1.02120790e-02 1.53178215e-01 1.34929133e-02 1.61040364e-01 2.43381416e-01 1.15625123e+00 3.76907878e+00 2.23423039e-08 3.42108755e-06 2.92409276e-04 4.89370133e-05 5.12244957e+01 1.76069017e-08 4.41681197e-07 3.55284658e-09 4.21547965e-05 7.34434498e-05 4.04165676e-07 3.70283569e-06 2.43426729e-08 4.11464813e-06 4.82068798e-03 1.34089350e-05 1.50782005e-01 2.11940515e-08
gen1390perm28 0.2797585250283496 3.35660421e-02 4.21626482e-02 1.34946186e-01 4.42723021e+01 7.89325352e+01 1.13373981e-03 5.18743979e-04 1.24917202e-02 2.04035276e-03 2.04110354e+00 2.79978369e-02 1.23350706e+00 1.02023825e-02 1.57715216e-01 1.34929133e-02 1.38610312e-01 2.43381416e-01 1.15625123e+00 3.90527533e+00 1.90000392e-08 3.42108755e-06 2.94804620e-04 5.00994199e-05 4.75866396e+01 2.19450549e-08 4.41681197e-07 3.31481988e-09 4.09368064e-05 7.09066444e-05 4.85711056e-07 3.56739720e-06 2.42730200e-08 3.87135953e-06 5.21071143e-03 1.24695717e-05 1.51225358e-01 1.46043108e-08
gen1390perm144 0.2798269205560827 3.04618009e-02 4.21626482e-02 1.23993610e-01 4.26953314e+01 8.57885586e+01 1.37804889e-03 5.55800905e-04 1.13360780e-02 2.21970331e-03 2.17426867e+00 2.59844089e-02 1.23350706e+00 1.02023825e-02 1.53178215e-01 1.23710241e-02 1.51854957e-01 2.37028452e-01 1.17221815e+00 3.14820779e+00 1.75002975e-08 3.33172633e-06 2.75441788e-04 5.28678763e-05 4.75866396e+01 1.94667745e-08 3.99728070e-07 3.10898742e-09 4.62796729e-05 6.93052087e-05 4.24248375e-07 3.44220687e-06 2.46594667e-08 3.88678593e-06 4.97312164e-03 1.29203555e-05 1.50782005e-01 1.77932015e-08
gen1390perm123 0.2799726914973038 3.42932840e-02 4.14637071e-02 1.34946186e-01 4.62007895e+01 8.51706430e+01 1.23624799e-03 5.46753903e-04 1.14910744e-02 1.86159264e-03 2.04110354e+00 2.69919854e-02 1.23350706e+00 1.02074125e-02 1.46724260e-01 1.34929133e-02 1.61040364e-01 2.43381416e-01 1.15625123e+00 3.54283409e+00 2.23423039e-08 3.32975788e-06 3.17257387e-04 4.89370133e-05 5.19813058e+01 2.08833588e-08 4.41681197e-07 3.31481988e-09 4.21547965e-05 7.09853455e-05 4.01878990e-07 3.05871961e-06 2.43426729e-08 3.62587493e-06 4.82068798e-03 1.30666672e-05 1.50782005e-01 2.11940515e-08
gen1390perm94 0.2802877621896918 3.42932840e-02 4.21626482e-02 1.23993610e-01 4.64075970e+01 7.32654065e+01 1.23624799e-03 4.59392610e-04 1.20361622e-02 2.36288647e-03 2.02441262e+00 2.79978369e-02 1.23350706e+00 1.02465863e-02 1.53178215e-01 1.38911037e-02 1.62649717e-01 2.53124475e-01 1.15625123e+00 3.27403305e+00 1.90000392e-08 3.81574587e-06 2.94804620e-04 4.95773671e-05 5.44745595e+01 2.15040707e-08 4.41681197e-07 3.28419202e-09 4.21547965e-05 6.45854379e-05 4.54119449e-07 3.46868681e-06 2.19823069e-08 3.99996992e-06 5.21589042e-03 1.34116500e-05 1.51225358e-01 1.47035470e-08
gen1390perm42 0.2806707153627834 3.62585693e-02 4.00489660e-02 1.35831383e-01 4.42723021e+01 7.65928477e+01 1.23624799e-03 4.77409914e-04 1.00193403e-02 2.16477962e-03 2.34049498e+00 2.76086887e-02 1.25228742e+00 1.06228529e-02 1.68461379e-01 1.42661864e-02 1.38335832e-01 2.43381416e-01 1.17221815e+00 3.70733777e+00 1.95434663e-08 3.21888881e-06 2.79697173e-04 5.00156520e-05 5.15912206e+01 1.96143026e-08 4.26716880e-07 3.58870169e-09 3.81194224e-05 7.38951176e-05 4.49023833e-07 3.02534713e-06 2.36347248e-08 3.96340887e-06 4.09932960e-03 1.32420314e-05 1.51225358e-01 1.43357891e-08
gen1390perm114 0.2808327104221108 3.42932840e-02 4.21626482e-02 1.16433745e-01 4.42723021e+01 7.32866762e+01 1.24709344e-03 4.59392610e-04 1.18934535e-02 2.02585168e-03 2.04110354e+00 2.59844089e-02 1.23350706e+00 1.03278013e-02 1.53178215e-01 1.29847956e-02 1.51854957e-01 2.43381416e-01 1.17053473e+00 3.43092810e+00 1.72173214e-08 3.33172633e-06 3.14029788e-04 4.89370133e-05 4.75866396e+01 2.17614143e-08 4.54560341e-07 3.58870169e-09 4.21547965e-05 7.13342564e-05 4.49023833e-07 3.44220687e-06 2.47931091e-08 4.31037712e-06 4.09932960e-03 1.39077439e-05 1.50782005e-01 1.27968830e-08
gen1390perm63 0.2809088738775979 3.42932840e-02 4.21626482e-02 1.34946186e-01 4.51373698e+01 7.02596080e+01 1.28168424e-03 4.36725147e-04 1.29938560e-02 1.97605723e-03 2.19815146e+00 2.79978369e-02 1.25048630e+00 1.07988465e-02 1.68461379e-01 1.45395105e-02 1.70710780e-01 2.53124475e-01 1.15064741e+00 3.32622148e+00 1.78820810e-08 3.19387040e-06 2.86075944e-04 4.95773671e-05 4.75866396e+01 2.17614143e-08 4.41681197e-07 3.09418731e-09 3.63928971e-05 7.13342564e-05 4.54119449e-07 3.44220687e-06 2.24960912e-08 3.99996992e-06 4.82068798e-03 1.33722083e-05 1.50782005e-01 1.87448860e-08
gen1390perm75 0.2814510400031706 3.41708194e-02 4.20420278e-02 1.34946186e-01 4.42723021e+01 7.32654065e+01 1.23624799e-03 5.55800905e-04 1.13360780e-02 2.29944848e-03 2.04110354e+00 2.79978369e-02 1.23350706e+00 1.02023825e-02 1.53178215e-01 1.50685144e-02 1.39935737e-01 2.36479825e-01 1.15625123e+00 3.35714438e+00 1.89382885e-08 3.33172633e-06 2.94804620e-04 4.95773671e-05 4.75866396e+01 2.05342704e-08 4.41681197e-07 3.28419202e-09 4.21547965e-05 6.28249963e-05 4.01878990e-07 3.44220687e-06 2.24960912e-08 3.99996992e-06 4.50179435e-03 1.33722083e-05 1.51225358e-01 1.46043108e-08
gen1390perm4 0.2823431328831135 3.46384464e-02 4.21626482e-02 1.34946186e-01 4.23628502e+01 7.57247063e+01 1.23624799e-03 4.56272446e-04 1.13360780e-02 2.36288647e-03 2.26198012e+00 2.76086887e-02 1.27419293e+00 1.06228529e-02 1.53178215e-01 1.34929133e-02 1.51854957e-01 2.50327942e-01 1.17221815e+00 3.35714438e+00 1.72396581e-08 3.44069917e-06 2.94804620e-04 5.00994199e-05 4.75866396e+01 2.17614143e-08 4.41681197e-07 3.35535270e-09 4.62732452e-05 7.13342564e-05 4.49023833e-07 3.58262279e-06 2.42730200e-08 3.96340887e-06 4.50179435e-03 1.30358109e-05 1.51225358e-01 1.46043108e-08
gen1390perm54 0.2824638772956392 3.42932840e-02 3.82991341e-02 1.16433745e-01 4.42723021e+01 7.74175053e+01 1.26279721e-03 4.59392610e-04 1.13360780e-02 2.19885227e-03 2.04110354e+00 2.59844089e-02 1.23350706e+00 1.02074125e-02 1.53178215e-01 1.29847956e-02 1.51854957e-01 2.50327942e-01 1.15625123e+00 3.35714438e+00 1.72396581e-08 3.33172633e-06 2.94804620e-04 4.89370133e-05 4.75866396e+01 2.17614143e-08 4.66693292e-07 3.35771907e-09 4.21547965e-05 7.13342564e-05 4.01878990e-07 3.58262279e-06 2.43426729e-08 3.88678593e-06 4.84906516e-03 1.30358109e-05 1.51225358e-01 1.53327783e-08
gen1390perm40 0.2828411896475981 3.46384464e-02 4.13060297e-02 1.34946186e-01 4.42723021e+01 7.48832327e+01 1.28409070e-03 5.26572328e-04 1.14397353e-02 1.76451110e-03 2.20551000e+00 2.81654852e-02 1.27419293e+00 1.02465863e-02 1.68461379e-01 1.34929133e-02 1.39782876e-01 2.43381416e-01 1.15657241e+00 4.03134490e+00 1.84696270e-08 3.42108755e-06 3.18341850e-04 4.95773671e-05 4.75866396e+01 2.29417820e-08 3.95873722e-07 3.31481988e-09 3.81194224e-05 7.69704392e-05 3.76842554e-07 3.44220687e-06 2.47799512e-08 3.96340887e-06 4.32773966e-03 1.30358109e-05 1.51225358e-01 2.29117182e-08
gen1390perm1 0.2840911605123002 3.41708194e-02 4.21626482e-02 9.84333259e-02 4.36175439e+01 7.10238640e+01 1.15711774e-03 5.17746387e-04 1.22071300e-02 2.09915893e-03 2.21799762e+00 3.02505092e-02 1.23350706e+00 1.07988465e-02 1.53178215e-01 1.34929133e-02 1.51854957e-01 2.34748718e-01 1.15625123e+00 3.14820779e+00 2.03316009e-08 3.33172633e-06 2.67046491e-04 4.95773671e-05 4.88224295e+01 2.23252198e-08 3.98808300e-07 2.86521780e-09 4.21547965e-05 6.44658559e-05 3.82041109e-07 3.30356731e-06 2.19190452e-08 3.88678593e-06 5.50261262e-03 1.33722083e-05 1.50782005e-01 1.77932015e-08
gen1390perm55 0.2844295286649191 3.66105441e-02 4.21626482e-02 1.27382512e-01 4.62007895e+01 7.65928477e+01 1.24709344e-03 4.35676896e-04 1.14910744e-02 1.76451110e-03 2.04110354e+00 2.69919854e-02 1.27419293e+00 1.02074125e-02 1.53178215e-01 1.36210389e-02 1.61040364e-01 2.43381416e-01 1.15625123e+00 3.23548567e+00 2.23423039e-08 3.64597461e-06 3.17257387e-04 4.95773671e-05 5.19813058e+01 2.11581131e-08 4.41681197e-07 3.02572262e-09 3.81194224e-05 7.09853455e-05 4.49023833e-07 3.10310472e-06 2.49159777e-08 3.80370842e-06 4.09932960e-03 1.34089350e-05 1.50782005e-01 1.43925121e-08
gen1390perm134 0.2848849065247391 3.41708194e-02 4.21626482e-02 1.34946186e-01 4.62007895e+01 8.57885586e+01 1.37804889e-03 5.55800905e-04 1.14910744e-02 2.33469679e-03 2.04110354e+00 2.79978369e-02 1.23350706e+00 1.02023825e-02 1.53178215e-01 1.37985328e-02 1.61040364e-01 2.39655905e-01 1.17221815e+00 3.60039535e+00 2.06769576e-08 3.42108755e-06 3.17257387e-04 4.98495496e-05 5.18451697e+01 2.17614143e-08 4.47834487e-07 3.28419202e-09 4.21547965e-05 7.15227909e-05 4.24248375e-07 3.27877721e-06 2.24384910e-08 3.75863002e-06 4.43058506e-03 1.33722083e-05 1.51225358e-01 2.11940515e-08
gen1390perm105 0.2850682673296377 3.46384464e-02 4.21626482e-02 1.31960880e-01 4.42723021e+01 7.32866762e+01 1.23624799e-03 5.72274889e-04 1.13360780e-02 2.09915893e-03 2.19030531e+00 2.76086887e-02 1.27419293e+00 1.07707403e-02 1.53178215e-01 1.36210389e-02 1.45605816e-01 2.50654250e-01 1.17053473e+00 3.14820779e+00 1.72173214e-08 3.60144519e-06 2.94804620e-04 4.95773671e-05 5.15912206e+01 2.16393013e-08 4.41681197e-07 3.58870169e-09 4.21547965e-05 7.37208175e-05 4.49023833e-07 3.58262279e-06 2.59813435e-08 4.08571509e-06 5.54588112e-03 1.34089350e-05 1.50782005e-01 1.47151114e-08
gen1390perm68 0.2854344485820517 3.28517167e-02 4.21626482e-02 1.35090117e-01 4.42723021e+01 7.75502231e+01 1.16330517e-03 4.59392610e-04 1.25050085e-02 2.18902701e-03 2.04110354e+00 2.59844089e-02 1.23350706e+00 1.04765755e-02 1.53178215e-01 1.44041959e-02 1.51854957e-01 2.53124475e-01 1.15064741e+00 3.35714438e+00 1.72396581e-08 3.42108755e-06 2.94804620e-04 4.95773671e-05 4.80383109e+01 2.17614143e-08 4.66693292e-07 3.28419202e-09 4.21547965e-05 7.01909137e-05 4.54119449e-07 3.44220687e-06 2.43426729e-08 3.88678593e-06 5.05331258e-03 1.33722083e-05 1.51225358e-01 1.24614083e-08
gen1390perm129 0.2867368183044380 3.46384464e-02 4.26806527e-02 1.23993610e-01 4.42723021e+01 7.32866762e+01 1.23624799e-03 5.26572328e-04 1.26481019e-02 1.76451110e-03 2.19030531e+00 2.69919854e-02 1.23350706e+00 1.07707403e-02 1.53178215e-01 1.28838909e-02 1.78803267e-01 2.50654250e-01 1.17221815e+00 3.92395994e+00 1.90000392e-08 3.36412371e-06 2.90631675e-04 4.61469224e-05 4.75866396e+01 2.57684076e-08 4.41681197e-07 3.31481988e-09 4.62366639e-05 6.77807856e-05 4.19984971e-07 3.44220687e-06 2.42730200e-08 3.92589880e-06 5.54588112e-03 1.30358109e-05 1.50782005e-01 1.43439587e-08
gen1390perm141 0.2873293934595195 3.56075526e-02 4.21626482e-02 1.34946186e-01 4.65299626e+01 8.58710940e+01 1.34670107e-03 5.10409527e-04 1.25050085e-02 1.97605723e-03 2.04110354e+00 2.69919854e-02 1.25048630e+00 1.02465863e-02 1.68461379e-01 1.34929133e-02 1.78803267e-01 2.37028452e-01 1.15064741e+00 3.44413496e+00 1.93679135e-08 3.42108755e-06 3.17257387e-04 4.95773671e-05 4.75866396e+01 2.17614143e-08 5.65262540e-07 3.31481988e-09 3.63928971e-05 7.69704392e-05 4.65570107e-07 3.03494511e-06 2.40698169e-08 3.80370842e-06 4.93024955e-03 1.33722083e-05 1.50782005e-01 2.11940515e-08
gen1390perm35 0.2878755936316627 3.27945277e-02 4.14637071e-02 1.11733550e-01 4.36851762e+01 8.57885586e+01 1.37804889e-03 5.06295997e-04 1.13360780e-02 2.12819353e-03 2.04110354e+00 2.70858984e-02 1.23350706e+00 1.07383284e-02 1.50838681e-01 1.34929133e-02 1.50591754e-01 2.37028452e-01 1.17221815e+00 3.90240900e+00 2.07123123e-08 3.29957901e-06 3.20949699e-04 5.28678763e-05 5.07182848e+01 2.12618244e-08 4.46370091e-07 3.65866724e-09 4.44983920e-05 7.69704392e-05 4.39492182e-07 3.38148932e-06 2.40237523e-08 3.88678593e-06 4.82068798e-03 1.34381277e-05 1.51225358e-01 2.00875868e-08
gen1390perm36 0.2879227100977217 3.61852854e-02 4.14637071e-02 1.26980401e-01 4.53729629e+01 8.57885586e+01 1.39487295e-03 5.26572328e-04 1.03875231e-02 2.21970331e-03 2.11220274e+00 2.59844089e-02 1.28895951e+00 1.02023825e-02 1.68461379e-01 1.42826734e-02 1.78803267e-01 2.37028452e-01 1.17221815e+00 4.28341149e+00 1.84696270e-08 3.53780106e-06 3.30521497e-04 4.87367960e-05 4.76498760e+01 2.11249113e-08 5.29135815e-07 3.52124359e-09 3.56723143e-05 7.85560321e-05 3.53299301e-07 3.10310472e-06 2.02767421e-08 4.03941886e-06 5.19351678e-03 1.30358109e-05 1.50469050e-01 1.27387223e-08
gen1390perm24 0.2880399158280724 3.41708194e-02 3.79707044e-02 1.33971032e-01 4.53729629e+01 7.32654065e+01 1.35024808e-03 6.19111302e-04 1.13360780e-02 2.44454178e-03 2.19030531e+00 2.59844089e-02 1.23350706e+00 1.02023825e-02 1.53178215e-01 1.45271251e-02 1.51854957e-01 2.53124475e-01 1.15625123e+00 3.32622148e+00 1.90000392e-08 3.09686979e-06 2.94804620e-04 4.95773671e-05 4.75866396e+01 2.17614143e-08 4.05315191e-07 2.98729982e-09 4.21547965e-05 7.13342564e-05 4.85391011e-07 3.58262279e-06 2.45978179e-08 3.99996992e-06 5.19129836e-03 1.30358109e-05 1.51225358e-01 1.47151114e-08
gen1390perm8 0.2880578381178905 3.64831642e-02 4.21626482e-02 1.34946186e-01 4.42723021e+01 7.32654065e+01 1.24709344e-03 5.55800905e-04 9.89202605e-03 2.13983440e-03 2.04110354e+00 2.79978369e-02 1.27419293e+00 1.07707403e-02 1.50767547e-01 1.35810274e-02 1.51854957e-01 2.43381416e-01 1.15064741e+00 3.64118731e+00 1.71282096e-08 3.42108755e-06 3.21021488e-04 4.95773671e-05 4.75866396e+01 1.97438968e-08 4.44061990e-07 3.28419202e-09 3.98799181e-05 7.60036878e-05 4.54119449e-07 3.44220687e-06 2.42730200e-08 3.96340887e-06 5.10124442e-03 1.25421859e-05 1.50771729e-01 1.94511402e-08
gen1390perm108 0.2880677099301079 3.66105441e-02 4.14637071e-02 1.34946186e-01 4.40903615e+01 8.63585943e+01 1.24709344e-03 5.46753903e-04 1.09421766e-02 1.76451110e-03 2.10732380e+00 2.69919854e-02 1.23350706e+00 1.02074125e-02 1.57878666e-01 1.34929133e-02 1.54189763e-01 2.43381416e-01 1.15625123e+00 3.59032292e+00 2.29602887e-08 3.42108755e-06 2.94804620e-04 4.47292734e-05 5.19813058e+01 2.17614143e-08 4.41681197e-07 3.31481988e-09 3.84816632e-05 7.20664133e-05 4.01878990e-07 3.10310472e-06 2.43426729e-08 3.80370842e-06 4.82068798e-03 1.25146751e-05 1.50782005e-01 2.11940515e-08
gen1390perm23 0.2888702829348246 3.51933689e-02 4.21626482e-02 1.26710306e-01 4.35011671e+01 7.32866762e+01 1.30864446e-03 5.55800905e-04 1.29938560e-02 2.09915893e-03 2.04110354e+00 2.79978369e-02 1.23350706e+00 1.07707403e-02 1.53178215e-01 1.34929133e-02 1.61712773e-01 2.50654250e-01 1.15064741e+00 3.14820779e+00 1.71282096e-08 3.53780106e-06 2.94804620e-04 4.52464411e-05 4.75866396e+01 2.17614143e-08 4.41681197e-07 3.28419202e-09 4.22734515e-05 6.44658559e-05 3.92124262e-07 3.44220687e-06 2.59813435e-08 3.88678593e-06 5.59100106e-03 1.33722083e-05 1.48487427e-01 1.46043108e-08
gen1390perm100 0.2892454684591836 3.46384464e-02 4.26806527e-02 1.06024479e-01 4.42723021e+01 8.63585943e+01 1.43250929e-03 5.32878443e-04 1.26481019e-02 2.13983440e-03 2.33122490e+00 2.85582519e-02 1.23350706e+00 1.02120790e-02 1.62242212e-01 1.34929133e-02 1.45605816e-01 2.54263886e-01 1.15625123e+00 3.27394480e+00 2.14037285e-08 3.42108755e-06 3.22257290e-04 5.00994199e-05 5.12244957e+01 2.57684076e-08 4.41681197e-07 3.55284658e-09 4.21547965e-05 7.09853455e-05 4.04165676e-07 3.39048959e-06 2.48013579e-08 4.07756865e-06 4.82068798e-03 1.35849074e-05 1.51225358e-01 2.15405498e-08
gen1390perm18 0.2901220197183143 3.47361648e-02 4.18946478e-02 1.11733550e-01 4.42723021e+01 7.12977261e+01 1.32430923e-03 4.35676896e-04 1.13360780e-02 2.21970331e-03 2.26198012e+00 2.59844089e-02 1.31023947e+00 1.02023825e-02 1.53178215e-01 1.35155073e-02 1.47912742e-01 2.37028452e-01 1.17221815e+00 3.32150382e+00 1.94321737e-08 3.82949786e-06 2.97519009e-04 5.27309367e-05 5.07182848e+01 2.11249113e-08 4.66693292e-07 3.92947186e-09 3.81952780e-05 6.29580453e-05 4.24248375e-07 3.44220687e-06 2.40237523e-08 3.88678593e-06 4.09932960e-03 1.34532854e-05 1.51225358e-01 1.27968830e-08
gen1390perm66 0.2903668800412907 3.52572278e-02 3.98927429e-02 1.27314812e-01 4.42723021e+01 7.75502231e+01 1.39487295e-03 5.55800905e-04 1.14397353e-02 2.23592491e-03 2.04110354e+00 2.92226832e-02 1.28895951e+00 1.08294472e-02 1.68461379e-01 1.36972167e-02 1.39782876e-01 2.25257602e-01 1.17053473e+00 4.23519876e+00 2.07123123e-08 3.30948817e-06 3.22217043e-04 4.95773671e-05 4.75866396e+01 2.29719395e-08 4.19964766e-07 3.12455197e-09 3.56723143e-05 6.69620337e-05 4.50404900e-07 3.44220687e-06 2.42730200e-08 3.91693542e-06 4.57119096e-03 1.31089528e-05 1.51225358e-01 1.31874992e-08
gen1390perm38 0.2913623658211537 3.46541427e-02 4.23029653e-02 1.34946186e-01 4.42723021e+01 8.12138124e+01 1.34229758e-03 5.62916391e-04 1.25050085e-02 1.76451110e-03 2.04469243e+00 2.80124613e-02 1.23350706e+00 1.05103091e-02 1.54135333e-01 1.42826734e-02 1.59489463e-01 2.43381416e-01 1.15064741e+00 4.03134490e+00 2.07123123e-08 3.34190443e-06 3.18341850e-04 4.80107307e-05 4.75866396e+01 2.29417820e-08 4.00808543e-07 3.36174734e-09 4.21547965e-05 7.72422811e-05 5.27904147e-07 2.90524539e-06 2.42730200e-08 3.92589880e-06 4.97312164e-03 1.30358109e-05 1.51225358e-01 2.15681711e-08
gen1390perm52 0.2914403384257982 3.60999785e-02 4.21626482e-02 1.27187018e-01 4.36175439e+01 7.75502231e+01 1.23624799e-03 5.83021404e-04 1.03875231e-02 1.97605723e-03 2.04110354e+00 2.97887745e-02 1.23350706e+00 1.07988465e-02 1.49408074e-01 1.34929133e-02 1.78803267e-01 2.47565009e-01 1.17053473e+00 3.44413496e+00 1.74467379e-08 3.19387040e-06 2.90162761e-04 4.89370133e-05 4.90537164e+01 2.17614143e-08 6.19205870e-07 2.92352806e-09 4.21547965e-05 7.24413014e-05 4.01878990e-07 3.58262279e-06 2.60146185e-08 3.73171640e-06 4.88035227e-03 1.30358109e-05 1.51225358e-01 1.87448860e-08
gen1390perm16 0.2914807130073103 3.58261249e-02 4.07835806e-02 1.34795029e-01 4.36688352e+01 7.60296790e+01 1.34522772e-03 5.08032973e-04 1.13141110e-02 2.27012979e-03 2.29550397e+00 2.50335735e-02 1.28895951e+00 1.07988465e-02 1.63367902e-01 1.34929133e-02 1.51854957e-01 2.23407732e-01 1.15625123e+00 3.64057197e+00 1.84696270e-08 3.21888881e-06 2.94804620e-04 4.97627567e-05 4.76225986e+01 2.17614143e-08 4.65164511e-07 3.12455197e-09 4.21547965e-05 7.11770350e-05 3.90720000e-07 3.44220687e-06 2.58351798e-08 3.96340887e-06 4.19751357e-03 1.32420314e-05 1.50782005e-01 1.53327783e-08
gen1390perm74 0.2921735001973938 3.27945277e-02 4.21626482e-02 1.11733550e-01 4.62007895e+01 8.57885586e+01 1.37804889e-03 5.55800905e-04 1.13360780e-02 2.21970331e-03 2.22094293e+00 2.59844089e-02 1.23350706e+00 1.02023825e-02 1.53178215e-01 1.19664201e-02 1.76866942e-01 2.37028452e-01 1.15625123e+00 3.90240900e+00 1.74546584e-08 3.53780106e-06 2.97519009e-04 5.28678763e-05 5.12244957e+01 2.02198238e-08 4.41681197e-07 3.31481988e-09 4.21547965e-05 6.40842201e-05 4.24248375e-07 3.40966934e-06 2.43426729e-08 3.88678593e-06 4.82068798e-03 1.32622049e-05 1.50782005e-01 1.77932015e-08
gen1390perm128 0.2924478907281520 3.42932840e-02 4.21626482e-02 1.45282081e-01 4.42723021e+01 7.32654065e+01 1.23624799e-03 4.79627838e-04 1.02140129e-02 2.36288647e-03 2.12763639e+00 2.22520869e-02 1.23350706e+00 1.02465863e-02 1.65157312e-01 1.33663862e-02 1.78803267e-01 2.53124475e-01 1.15064741e+00 3.59032292e+00 1.57669389e-08 3.53780106e-06 2.94804620e-04 4.91924910e-05 4.80383109e+01 2.22525291e-08 4.41681197e-07 3.49936987e-09 4.48772464e-05 7.13342564e-05 4.54119449e-07 3.44220687e-06 2.42730200e-08 3.99996992e-06 5.05331258e-03 1.25474882e-05 1.50782005e-01 1.27473478e-08
gen1390perm142 0.2928895672920673 3.49908746e-02 4.14637071e-02 1.06024479e-01 4.42723021e+01 7.12977261e+01 1.24709344e-03 4.54373856e-04 1.06246868e-02 1.76451110e-03 2.10163669e+00 2.79978369e-02 1.23350706e+00 1.07988465e-02 1.68461379e-01 1.45395105e-02 1.70710780e-01 2.50411116e-01 1.17221815e+00 3.59032292e+00 1.89805956e-08 3.42038779e-06 2.94804620e-04 4.95773671e-05 5.19813058e+01 2.12618244e-08 4.79740750e-07 3.36253019e-09 3.24699105e-05 7.24413014e-05 3.53299301e-07 3.44220687e-06 2.40237523e-08 3.99996992e-06 4.82068798e-03 1.24623536e-05 1.51225358e-01 1.87448860e-08
gen1390perm131 0.2931968987677558 3.46077569e-02 4.21626482e-02 1.34946186e-01 4.62007895e+01 7.32866762e+01 1.24709344e-03 4.20797630e-04 1.18934535e-02 1.76451110e-03 2.10732380e+00 2.76086887e-02 1.27419293e+00 1.06228529e-02 1.68461379e-01 1.36210389e-02 1.45605816e-01 2.43381416e-01 1.15625123e+00 3.43092810e+00 2.23423039e-08 3.42108755e-06 3.14029788e-04 4.95773671e-05 5.12244957e+01 2.17614143e-08 4.41681197e-07 3.58870169e-09 4.21547965e-05 6.77807856e-05 4.49023833e-07 3.58262279e-06 2.82081744e-08 3.80370842e-06 4.38733504e-03 1.34089350e-05 1.50782005e-01 1.27968830e-08
gen1390perm139 0.2941712910465754 3.42932840e-02 4.21626482e-02 1.23993610e-01 4.42723021e+01 7.34783477e+01 1.23624799e-03 5.55800905e-04 1.13360780e-02 2.09915893e-03 2.04110354e+00 2.58829457e-02 1.23350706e+00 1.00382436e-02 1.60409556e-01 1.36583511e-02 1.78803267e-01 2.34748718e-01 1.17053473e+00 3.44413496e+00 1.91278761e-08 3.33172633e-06 2.75157288e-04 4.89370133e-05 4.75866396e+01 2.31715798e-08 4.35653994e-07 3.35535270e-09 4.21547965e-05 6.83079301e-05 4.17421741e-07 3.58262279e-06 2.27336938e-08 3.88678593e-06 4.49406032e-03 1.30358109e-05 1.51225358e-01 1.53327783e-08
gen1390perm90 0.2945028426198055 3.35660421e-02 4.19158771e-02 1.34946186e-01 4.42723021e+01 7.32654065e+01 1.22521337e-03 4.50457231e-04 1.21498069e-02 2.12043077e-03 2.11331404e+00 2.36109348e-02 1.23350706e+00 1.02023825e-02 1.54135333e-01 1.45271251e-02 1.51207573e-01 2.43381416e-01 1.15064741e+00 3.91501827e+00 1.98470446e-08 3.42108755e-06 2.94804620e-04 4.95773671e-05 4.57519113e+01 2.19450549e-08 4.49155217e-07 3.46520618e-09 4.21547965e-05 7.69704392e-05 5.27904147e-07 3.44220687e-06 2.42730200e-08 3.99996992e-06 4.59688936e-03 1.33722083e-05 1.51225358e-01 2.11940515e-08
gen1390perm5 0.2945179054137373 3.42932840e-02 4.23029653e-02 1.34946186e-01 4.57024947e+01 7.42598858e+01 1.24709344e-03 5.91265474e-04 1.29938560e-02 2.19984606e-03 2.04110354e+00 2.79978369e-02 1.21874298e+00 9.96374308e-03 1.53178215e-01 1.38911037e-02 1.78803267e-01 2.43381416e-01 1.15657241e+00 4.03134490e+00 1.84696270e-08 3.42058665e-06 3.76696369e-04 5.29785453e-05 5.01165200e+01 2.21124274e-08 4.00808543e-07 3.28419202e-09 4.21547965e-05 7.72422811e-05 4.54119449e-07 2.90524539e-06 2.24960912e-08 3.59133446e-06 5.70595305e-03 1.30358109e-05 1.50782005e-01 2.00310171e-08
gen1390perm95 0.2948265133399453 3.46541427e-02 4.13060297e-02 1.51074605e-01 4.41664615e+01 8.58710940e+01 1.28409070e-03 5.11896512e-04 1.25050085e-02 1.82469369e-03 2.04110354e+00 2.92226832e-02 1.27419293e+00 1.02465863e-02 1.80884677e-01 1.34929133e-02 1.78803267e-01 2.21957276e-01 1.17221815e+00 3.59032292e+00 2.07123123e-08 3.30948817e-06 3.30827616e-04 4.95773671e-05 4.75866396e+01 2.29417820e-08 3.95873722e-07 3.35535270e-09 3.63207512e-05 7.16468775e-05 3.76842554e-07 3.01449131e-06 2.40698169e-08 3.66855443e-06 4.47431948e-03 1.24623536e-05 1.51324410e-01 2.08639384e-08
gen1390perm25 0.2949995554995872 3.18387234e-02 4.21626482e-02 1.34946186e-01 4.36175439e+01 7.75502231e+01 1.23624799e-03 5.91265474e-04 1.03875231e-02 1.86159264e-03 2.21799762e+00 2.92226832e-02 1.28610068e+00 1.02120790e-02 1.65503796e-01 1.35949327e-02 1.76866942e-01 2.52501098e-01 1.18757970e+00 3.86579869e+00 2.00428638e-08 3.42108755e-06 2.67046491e-04 4.64912785e-05 5.12244957e+01 2.25694367e-08 6.19205870e-07 3.31481988e-09 4.21547965e-05 7.24413014e-05 4.01878990e-07 3.58262279e-06 2.19190452e-08 3.73171640e-06 4.82068798e-03 1.41299948e-05 1.51225358e-01 2.19881448e-08
gen1390perm126 0.2950484249984791 3.46541427e-02 4.21626482e-02 1.34946186e-01 4.42723021e+01 7.10238640e+01 1.24709344e-03 5.49944486e-04 1.18237560e-02 2.28826412e-03 2.04110354e+00 2.69919854e-02 1.28895951e+00 1.07988465e-02 1.71653288e-01 1.42826734e-02 1.78803267e-01 2.43381416e-01 1.17053473e+00 3.33208028e+00 2.07123123e-08 3.42108755e-06 2.90631675e-04 4.95773671e-05 4.80383109e+01 2.29417820e-08 6.19205870e-07 3.31481988e-09 3.63161815e-05 7.69704392e-05 4.63092717e-07 2.45833899e-06 2.40698169e-08 3.93253436e-06 4.32773966e-03 1.30358109e-05 1.51225358e-01 1.33804930e-08
gen1390perm60 0.2950496191991394 3.41708194e-02 3.88002194e-02 1.36780044e-01 4.42723021e+01 7.10238640e+01 1.23624799e-03 5.08032973e-04 1.29938560e-02 2.44454178e-03 2.20551000e+00 2.43795661e-02 1.27419293e+00 1.02023825e-02 1.62548467e-01 1.27023850e-02 1.76699550e-01 2.43381416e-01 1.15064741e+00 3.48831931e+00 1.71282096e-08 3.53780106e-06 2.94804620e-04 5.38277852e-05 4.75866396e+01 2.17614143e-08 4.48241741e-07 3.53885332e-09 3.88029984e-05 7.60036878e-05 5.30502070e-07 3.18403479e-06 2.42730200e-08 3.96340887e-06 5.09055550e-03 1.36310162e-05 1.50782005e-01 1.46043108e-08
gen1390perm103 0.2969120597818581 3.46384464e-02 4.36150316e-02 1.38948743e-01 4.18461735e+01 7.32866762e+01 1.24709344e-03 4.35676896e-04 1.18934535e-02 2.02585168e-03 2.31341383e+00 2.76086887e-02 1.31023947e+00 1.06228529e-02 1.75366397e-01 1.36210389e-02 1.45605816e-01 2.43381416e-01 1.17221815e+00 3.43092810e+00 1.56390683e-08 3.36495636e-06 3.02510587e-04 4.95773671e-05 4.37848748e+01 2.31765749e-08 4.64960211e-07 3.58870169e-09 3.81194224e-05 7.24413014e-05 4.49023833e-07 3.44220687e-06 2.58351798e-08 4.01313550e-06 4.45004094e-03 1.34089350e-05 1.50782005e-01 1.99693760e-08
gen1390perm30 0.2970600846466390 3.46541427e-02 3.88314277e-02 1.34946186e-01 4.42723021e+01 7.75502231e+01 1.23624799e-03 4.40648512e-04 1.50459162e-02 1.99158003e-03 2.04110354e+00 3.07754815e-02 1.27419293e+00 1.02074125e-02 1.53178215e-01 1.34929133e-02 1.47912742e-01 2.43381416e-01 1.04307550e+00 3.35714438e+00 1.74467379e-08 3.30948817e-06 2.67694266e-04 5.28883873e-05 4.73913748e+01 1.91457854e-08 4.66693292e-07 3.36253019e-09 3.76813876e-05 6.83079301e-05 4.11900498e-07 3.58262279e-06 2.40237523e-08 3.88678593e-06 4.06588551e-03 1.26005782e-05 1.36286236e-01 1.94511402e-08
gen1390perm51 0.2973453882836202 3.51225162e-02 4.21626482e-02 9.84799560e-02 4.42723021e+01 7.10238640e+01 1.28950033e-03 5.26572328e-04 1.14910744e-02 2.13743781e-03 2.21799762e+00 2.59844089e-02 1.23350706e+00 1.02074125e-02 1.57489926e-01 1.35949327e-02 1.48273242e-01 2.43381416e-01 1.15625123e+00 3.35714438e+00 1.91278761e-08 3.42108755e-06 2.67046491e-04 4.42971507e-05 4.75866396e+01 2.17614143e-08 4.22016990e-07 3.20896525e-09 4.40178147e-05 6.83079301e-05 4.53994242e-07 3.58262279e-06 2.19190452e-08 4.37011217e-06 5.19883986e-03 1.30358109e-05 1.51225358e-01 1.53327783e-08
gen1390perm132 0.2973754834465144 3.66105441e-02 4.21626482e-02 1.43421102e-01 4.42723021e+01 8.63585943e+01 1.24709344e-03 5.46753903e-04 1.09421766e-02 2.02585168e-03 2.26198012e+00 2.59844089e-02 1.23350706e+00 1.02120790e-02 1.53178215e-01 1.34929133e-02 1.61040364e-01 2.46572770e-01 1.17053473e+00 3.59032292e+00 1.72173214e-08 3.42108755e-06 3.05364911e-04 4.89370133e-05 5.15912206e+01 2.17614143e-08 4.66693292e-07 3.55284658e-09 3.81194224e-05 7.09853455e-05 3.74681492e-07 3.44220687e-06 2.43426729e-08 4.08571509e-06 4.82068798e-03 1.34089350e-05 1.50782005e-01 2.11940515e-08
gen1390perm125 0.2977200876051015 3.46384464e-02 4.26883124e-02 1.42090140e-01 4.36175439e+01 7.75502231e+01 1.24190459e-03 5.26572328e-04 1.03875231e-02 1.76826926e-03 2.32297584e+00 2.92226832e-02 1.23350706e+00 1.02465863e-02 1.68461379e-01 1.42826734e-02 1.78803267e-01 2.43381416e-01 1.17221815e+00 3.59032292e+00 1.97970778e-08 3.21888881e-06 2.94804620e-04 4.95773671e-05 4.73764981e+01 2.27085690e-08 4.66693292e-07 3.35535270e-09 3.81194224e-05 7.69704392e-05 4.01017433e-07 3.44220687e-06 2.54301494e-08 4.23864465e-06 4.50548498e-03 1.31089528e-05 1.51225358e-01 1.36735942e-08
gen1390perm39 0.2991971825306095 3.49684018e-02 4.21626482e-02 1.39594635e-01 4.86655466e+01 7.10238640e+01 1.24709344e-03 5.11896512e-04 1.25050085e-02 2.05615878e-03 2.04110354e+00 2.69919854e-02 1.23350706e+00 1.07923568e-02 1.68461379e-01 1.35159570e-02 1.78803267e-01 2.43381416e-01 1.17221815e+00 3.59032292e+00 2.07123123e-08 3.30948817e-06 2.90631675e-04 4.95773671e-05 4.80383109e+01 2.18573716e-08 4.66693292e-07 3.35535270e-09 3.92946225e-05 7.16468775e-05 4.11900498e-07 2.90524539e-06 2.40698169e-08 3.80370842e-06 4.50548498e-03 1.41819431e-05 1.51324410e-01 1.33804930e-08
gen1390perm14 0.3004324903096304 3.62585693e-02 4.21626482e-02 1.35831383e-01 4.53729629e+01 7.12977261e+01 1.23669117e-03 5.40876930e-04 1.48708995e-02 2.20011939e-03 2.14847097e+00 2.68584476e-02 1.27419293e+00 1.07707403e-02 1.64802942e-01 1.38963778e-02 1.57734714e-01 2.43610195e-01 1.17221815e+00 4.03134490e+00 1.95434663e-08 3.30948817e-06 2.94804620e-04 5.00994199e-05 4.75866396e+01 2.17614143e-08 4.49341019e-07 3.12455197e-09 3.56723143e-05 6.83079301e-05 3.53299301e-07 3.69164393e-06 2.42730200e-08 3.96340887e-06 4.81289614e-03 1.31089528e-05 1.51225358e-01 1.94511402e-08
gen1390perm57 0.3014008321219211 3.42932840e-02 4.21626482e-02 1.34946186e-01 4.42723021e+01 7.10238640e+01 1.16240905e-03 5.55800905e-04 1.14910744e-02 2.30048593e-03 2.04110354e+00 2.79978369e-02 1.23350706e+00 1.02465863e-02 1.71653288e-01 1.33267731e-02 1.89079987e-01 2.53124475e-01 1.15064741e+00 3.59039524e+00 1.99545818e-08 3.53780106e-06 2.94804620e-04 4.95773671e-05 5.21739968e+01 2.27397968e-08 4.41681197e-07 3.27229761e-09 4.44983920e-05 7.73726284e-05 4.87211983e-07 3.63535245e-06 2.42730200e-08 3.91693542e-06 4.16332888e-03 1.36601816e-05 1.50782005e-01 1.43846572e-08
gen1390perm29 0.3015026297473811 3.42932840e-02 3.82991341e-02 1.43421102e-01 4.65299626e+01 7.12977261e+01 1.21650770e-03 4.59392610e-04 1.13360780e-02 1.86159264e-03 2.28733818e+00 2.59844089e-02 1.23350706e+00 1.07988465e-02 1.68461379e-01 1.29847956e-02 1.51854957e-01 2.32211478e-01 1.16775835e+00 3.51334906e+00 1.61957364e-08 3.15656941e-06 2.97519009e-04 4.89370133e-05 4.86972989e+01 2.17614143e-08 4.72761784e-07 3.35535270e-09 4.21547965e-05 7.25678340e-05 4.16767685e-07 3.44220687e-06 2.43426729e-08 4.37077434e-06 4.50179435e-03 1.38037352e-05 1.51225358e-01 1.51206079e-08
gen1390perm89 0.3016840552637629 3.28517167e-02 4.21626482e-02 1.34946186e-01 4.42723021e+01 7.91852447e+01 1.16330517e-03 5.55800905e-04 1.25050085e-02 2.18902701e-03 2.04110354e+00 2.60571514e-02 1.26435017e+00 1.09459180e-02 1.53178215e-01 1.44041959e-02 1.51854957e-01 2.53124475e-01 1.15625123e+00 3.32622148e+00 1.71282096e-08 3.42108755e-06 2.94804620e-04 5.00994199e-05 4.80383109e+01 2.17614143e-08 4.61472097e-07 3.28419202e-09 4.11670458e-05 7.18209327e-05 4.54119449e-07 3.80847092e-06 2.42730200e-08 3.87135953e-06 5.05331258e-03 1.31089528e-05 1.51225358e-01 1.25349253e-08
gen1390perm96 0.3021533878828690 3.46384464e-02 4.14637071e-02 1.34946186e-01 4.42723021e+01 7.10238640e+01 1.24709344e-03 5.46753903e-04 1.14397353e-02 2.16477962e-03 2.20551000e+00 2.69919854e-02 1.23350706e+00 1.07923568e-02 1.57432548e-01 1.34929133e-02 1.39782876e-01 2.25630005e-01 1.15657241e+00 4.03134490e+00 1.84696270e-08 3.42108755e-06 3.18341850e-04 4.95773671e-05 5.19813058e+01 2.12618244e-08 4.22094523e-07 3.31481988e-09 3.81194224e-05 7.69704392e-05 3.53299301e-07 2.90524539e-06 2.47799512e-08 3.96340887e-06 4.50548498e-03 1.29327910e-05 1.51225358e-01 2.15681711e-08
gen1390perm62 0.3026735609192355 3.58261249e-02 3.74873655e-02 1.34946186e-01 4.32145154e+01 8.23509224e+01 1.34522772e-03 5.08032973e-04 1.14910744e-02 2.27012979e-03 2.04110354e+00 2.79978369e-02 1.23350706e+00 1.00115842e-02 1.53178215e-01 1.38911037e-02 1.59489463e-01 2.27311605e-01 1.15625123e+00 3.44599643e+00 1.84696270e-08 3.53780106e-06 3.49916464e-04 4.89370133e-05 4.75866396e+01 2.29488983e-08 4.66693292e-07 3.12455197e-09 4.21547965e-05 7.73575815e-05 4.26327130e-07 3.10310472e-06 2.02767421e-08 3.99996992e-06 4.97312164e-03 1.20584098e-05 1.50782005e-01 1.97130113e-08
gen1390perm27 0.3032884928316303 3.66105441e-02 4.21626482e-02 1.34946186e-01 4.67274088e+01 8.58710940e+01 1.22521337e-03 5.55800905e-04 1.08842262e-02 2.36288647e-03 2.04110354e+00 2.60571514e-02 1.26435017e+00 1.02074125e-02 1.54135333e-01 1.45271251e-02 1.61040364e-01 2.53124475e-01 1.15064741e+00 3.07234931e+00 1.90000392e-08 3.36271096e-06 2.94804620e-04 4.95773671e-05 5.19813058e+01 1.86005117e-08 4.65844336e-07 3.65422403e-09 4.39647170e-05 7.13342564e-05 4.87211983e-07 3.44220687e-06 2.13831659e-08 3.80370842e-06 4.97312164e-03 1.34089350e-05 1.50782005e-01 2.11940515e-08
gen1390perm72 0.3033855354327955 3.46384464e-02 4.21626482e-02 1.34946186e-01 4.62007895e+01 7.10238640e+01 1.24709344e-03 5.46753903e-04 1.09421766e-02 1.97605723e-03 1.91636728e+00 2.59844089e-02 1.23350706e+00 1.07988465e-02 1.57489926e-01 1.34929133e-02 1.80922022e-01 2.34748718e-01 1.15625123e+00 3.43855638e+00 2.40161193e-08 3.44272029e-06 2.94804620e-04 4.47038329e-05 5.12244957e+01 2.17614143e-08 6.19205870e-07 3.12455197e-09 4.21547965e-05 7.09853455e-05 4.04165676e-07 3.58262279e-06 2.54165094e-08 3.80370842e-06 4.82068798e-03 1.21995316e-05 1.51225358e-01 2.32377814e-08
gen1390perm48 0.3034942502072249 3.56234494e-02 3.62536273e-02 1.34946186e-01 4.42723021e+01 7.65928477e+01 1.39487295e-03 4.71659855e-04 9.61477173e-03 2.16477962e-03 2.08241013e+00 2.79978369e-02 1.23350706e+00 1.02639560e-02 1.68461379e-01 1.29017464e-02 1.52811167e-01 2.43381416e-01 1.17221815e+00 3.43092810e+00 1.67823932e-08 3.42108755e-06 3.20949699e-04 4.89370133e-05 5.15912206e+01 2.33291984e-08 4.46789446e-07 3.12455197e-09 4.21547965e-05 6.87051041e-05 3.49167952e-07 3.61005796e-06 2.43426729e-08 4.08571509e-06 4.09932960e-03 1.36580653e-05 1.50782005e-01 1.99477387e-08
gen1390perm110 0.3035054854957216 3.46384464e-02 4.14637071e-02 1.44160835e-01 4.68819317e+01 7.10238640e+01 1.47955924e-03 5.08032973e-04 1.26278813e-02 2.30048593e-03 2.03887559e+00 2.59844089e-02 1.16975260e+00 1.02074125e-02 1.55871436e-01 1.38579510e-02 1.47912742e-01 2.43381416e-01 1.17221815e+00 3.49017736e+00 1.84696270e-08 3.19510120e-06 2.97989514e-04 4.95773671e-05 4.75866396e+01 2.34877284e-08 4.46575736e-07 3.35535270e-09 3.56723143e-05 7.85560321e-05 4.01878990e-07 3.44220687e-06 2.42730200e-08 3.88678593e-06 4.40012831e-03 1.36601816e-05 1.51225358e-01 2.03552258e-08
gen1390perm113 0.3039801644713641 3.46384464e-02 4.21626482e-02 1.43421102e-01 4.42723021e+01 7.75502231e+01 1.22680372e-03 4.35676896e-04 1.13360780e-02 1.86159264e-03 2.26198012e+00 2.50079866e-02 1.27419293e+00 1.02074125e-02 1.68461379e-01 1.33941118e-02 1.45605816e-01 2.50327942e-01 1.15625123e+00 3.35714438e+00 1.72396581e-08 3.42108755e-06 2.94804620e-04 4.92184841e-05 5.15912206e+01 2.17614143e-08 4.66693292e-07 3.09517452e-09 3.81194224e-05 7.21165675e-05 4.01878990e-07 3.58262279e-06 2.43426729e-08 4.22018513e-06 4.50179435e-03 1.30358109e-05 1.51225358e-01 1.42840261e-08
gen1390perm6 0.3048411206754699 3.46541427e-02 3.83660132e-02 1.43680080e-01 4.42723021e+01 8.42362069e+01 1.28409070e-03 4.30201641e-04 1.28860252e-02 1.76451110e-03 1.85819830e+00 2.92226832e-02 1.23350706e+00 1.02023825e-02 1.40030812e-01 1.35056866e-02 1.59489463e-01 2.43381416e-01 1.15064741e+00 3.32622148e+00 2.09480144e-08 3.13874999e-06 2.94804620e-04 5.27581437e-05 4.75866396e+01 2.29488983e-08 4.66693292e-07 3.35535270e-09 4.21547965e-05 7.13342564e-05 4.01878990e-07 3.10310472e-06 2.02767421e-08 3.99996992e-06 4.97312164e-03 1.31089528e-05 1.51225358e-01 1.48882471e-08
gen1390perm64 0.3055587605278071 3.66058630e-02 4.21626482e-02 1.06024479e-01 4.65299626e+01 7.12977261e+01 1.34670107e-03 4.54373856e-04 1.03875231e-02 2.36288647e-03 2.10163669e+00 2.79978369e-02 1.23350706e+00 1.02465863e-02 1.46583064e-01 1.38911037e-02 1.78803267e-01 2.53124475e-01 1.15064741e+00 3.44413496e+00 1.90000392e-08 3.48698994e-06 2.94804620e-04 4.54509851e-05 4.75866396e+01 2.17614143e-08 5.67219275e-07 3.30449544e-09 3.94771737e-05 7.95004291e-05 4.65570107e-07 3.44220687e-06 2.40237523e-08 3.99996992e-06 4.97312164e-03 1.33722083e-05 1.50782005e-01 1.58964524e-08
gen1390perm120 0.3057057679318714 3.41708194e-02 4.57179069e-02 1.34946186e-01 4.46817491e+01 7.79202515e+01 1.13563012e-03 5.46389069e-04 1.17599835e-02 2.36288647e-03 2.21705877e+00 2.79978369e-02 1.23350706e+00 1.02023825e-02 1.54135333e-01 1.54372234e-02 1.51207573e-01 2.53124475e-01 1.15064741e+00 3.32622148e+00 1.90000392e-08 3.80295693e-06 2.94804620e-04 5.00994199e-05 4.75866396e+01 2.29417820e-08 4.87291154e-07 3.46520618e-09 4.04626695e-05 7.35182140e-05 4.80988426e-07 3.44220687e-06 2.24960912e-08 3.99996992e-06 5.21589042e-03 1.33722083e-05 1.51225358e-01 1.46043108e-08
gen1390perm15 0.3058930866356100 3.50528106e-02 3.98927429e-02 1.40141483e-01 4.32145154e+01 7.32866762e+01 1.57510990e-03 4.77409914e-04 1.09066334e-02 2.13983440e-03 2.04110354e+00 2.69032525e-02 1.23350706e+00 1.02639560e-02 1.53178215e-01 1.36539688e-02 1.61040364e-01 2.55501121e-01 1.17221815e+00 3.37974069e+00 1.84696270e-08 3.57422788e-06 3.21021488e-04 4.89370133e-05 4.75866396e+01 2.14614723e-08 4.48241741e-07 3.33566617e-09 3.81194224e-05 7.69704392e-05 4.26327130e-07 2.45833899e-06 1.84889546e-08 4.00666182e-06 4.97312164e-03 1.23794321e-05 1.51225358e-01 1.97130113e-08
gen1390perm112 0.3059400263059607 3.42932840e-02 4.21626482e-02 1.26868706e-01 4.42723021e+01 7.78350208e+01 1.21823774e-03 5.18926762e-04 1.13360780e-02 2.04484992e-03 2.25112311e+00 2.79978369e-02 1.23350706e+00 1.02465863e-02 1.49046638e-01 1.40432826e-02 1.78803267e-01 2.33868764e-01 1.17221815e+00 3.02730930e+00 2.00966860e-08 3.53780106e-06 2.94804620e-04 4.95773671e-05 4.75866396e+01 2.25268898e-08 4.41681197e-07 3.28419202e-09 4.44983920e-05 7.41947380e-05 4.30344669e-07 3.44220687e-06 2.42730200e-08 3.99996992e-06 4.82068798e-03 1.45367783e-05 1.50782005e-01 1.46043108e-08
gen1390perm71 0.3067010427393868 3.86521863e-02 4.21626482e-02 1.06107622e-01 4.36175439e+01 8.63585943e+01 1.27010546e-03 5.26572328e-04 1.03875231e-02 1.76451110e-03 2.21799762e+00 2.92226832e-02 1.23350706e+00 1.02120790e-02 1.53178215e-01 1.35949327e-02 1.63644839e-01 2.43381416e-01 1.17053473e+00 3.27924377e+00 1.91278761e-08 3.19387040e-06 2.67046491e-04 4.89370133e-05 4.61124770e+01 2.28854878e-08 4.41681197e-07 3.55284658e-09 4.24239409e-05 7.24413014e-05 4.53994242e-07 3.58262279e-06 2.19190452e-08 3.73171640e-06 5.19883986e-03 1.34089350e-05 1.50782005e-01 1.80334262e-08
gen1390perm92 0.3074557674265810 3.46384464e-02 4.14637071e-02 1.11733550e-01 4.68819317e+01 7.33695599e+01 1.47955924e-03 5.55800905e-04 1.13360780e-02 2.22165069e-03 2.12837764e+00 2.57311769e-02 1.23350706e+00 1.02023825e-02 1.53178215e-01 1.18788310e-02 1.47912742e-01 2.49656944e-01 1.17221815e+00 3.90240900e+00 1.84696270e-08 3.30948817e-06 3.17447582e-04 5.28678763e-05 5.07182848e+01 2.12618244e-08 4.41681197e-07 3.52124359e-09 4.44983920e-05 7.85560321e-05 4.24248375e-07 3.44220687e-06 2.42730200e-08 3.88678593e-06 4.77196884e-03 1.34381277e-05 1.51225358e-01 2.03552258e-08
gen1390perm31 0.3076316260221428 3.41708194e-02 3.85431241e-02 1.24617051e-01 4.62007895e+01 8.58710940e+01 1.24709344e-03 5.46753903e-04 1.25991882e-02 2.36288647e-03 2.17426867e+00 2.79978369e-02 1.23350706e+00 9.70215739e-03 1.53178215e-01 1.45271251e-02 1.60125533e-01 2.43381416e-01 1.15625123e+00 3.59032292e+00 1.97812625e-08 3.53780106e-06 3.17257387e-04 4.98495496e-05 5.19813058e+01 1.93667097e-08 4.69554583e-07 3.49493433e-09 4.21547965e-05 7.15227909e-05 4.24248375e-07 3.10310472e-06 2.43426729e-08 3.80370842e-06 5.21589042e-03 1.42143483e-05 1.50782005e-01 2.11940515e-08
gen1390perm91 0.3096704081462983 3.56173974e-02 4.21626482e-02 1.40767641e-01 4.45285434e+01 8.57885586e+01 1.37804889e-03 5.08032973e-04 1.03875231e-02 2.00320312e-03 2.17426867e+00 2.59844089e-02 1.28895951e+00 1.07707403e-02 1.68461379e-01 1.38579510e-02 1.57148543e-01 2.37028452e-01 1.17221815e+00 3.49017736e+00 1.75002975e-08 3.85002093e-06 2.97519009e-04 5.00994199e-05 4.97568389e+01 2.11249113e-08 4.46575736e-07 3.65866724e-09 3.56723143e-05 6.40842201e-05 3.53299301e-07 3.44220687e-06 2.40237523e-08 3.96340887e-06 4.97312164e-03 1.29203555e-05 1.51225358e-01 1.77932015e-08
gen1390perm118 0.3097045715963668 3.29778805e-02 3.83660132e-02 1.20606969e-01 4.57024947e+01 8.12544058e+01 1.28409070e-03 4.30201641e-04 1.03875231e-02 2.40893024e-03 2.04110354e+00 2.92226832e-02 1.23350706e+00 9.49412360e-03 1.53178215e-01 1.35056866e-02 1.46094428e-01 2.43381416e-01 1.15657241e+00 4.03134490e+00 1.73218596e-08 3.34190443e-06 3.46839114e-04 5.94843268e-05 4.59352182e+01 2.29488983e-08 4.23090544e-07 3.28419202e-09 4.00566604e-05 7.93856644e-05 4.01878990e-07 3.28076616e-06 2.06446017e-08 3.99996992e-06 4.97312164e-03 1.30358109e-05 1.51225358e-01 2.19657323e-08
gen1390perm80 0.3109098531139443 3.41708194e-02 4.21626482e-02 1.25100336e-01 4.74067285e+01 7.79202515e+01 1.13563012e-03 5.55800905e-04 1.20220917e-02 2.13983440e-03 2.04110354e+00 2.59844089e-02 1.23350706e+00 1.02023825e-02 1.53178215e-01 1.59375131e-02 1.41114804e-01 2.66896088e-01 1.14833409e+00 3.32622148e+00 1.71282096e-08 3.09814692e-06 2.94804620e-04 5.30718035e-05 4.75866396e+01 2.22535159e-08 4.48241741e-07 3.27172313e-09 4.58587553e-05 7.09066444e-05 5.27904147e-07 3.44220687e-06 2.45081092e-08 3.93485190e-06 5.35755083e-03 1.33722083e-05 1.51225358e-01 1.37666279e-08
gen1390perm47 0.3109381269285940 3.58261249e-02 4.62964382e-02 1.34542385e-01 4.13792786e+01 8.57885586e+01 1.23624799e-03 5.26572328e-04 1.14910744e-02 1.75283891e-03 2.27192256e+00 2.70858984e-02 1.28895951e+00 1.07383284e-02 1.52558782e-01 1.34929133e-02 1.78803267e-01 2.43381416e-01 1.17221815e+00 3.90240900e+00 1.84696270e-08 3.41074770e-06 2.98386760e-04 4.87367960e-05 4.76498760e+01 1.99234707e-08 5.18840280e-07 2.98112734e-09 3.56723143e-05 7.85560321e-05 4.49703222e-07 3.34988232e-06 2.58351798e-08 4.00666182e-06 4.97312164e-03 1.37809625e-05 1.51225358e-01 1.40157144e-08
gen1390perm102 0.3123333579454430 3.46384464e-02 4.01310452e-02 1.06107622e-01 4.36175439e+01 7.12977261e+01 1.18656845e-03 4.35676896e-04 1.03875231e-02 1.95419904e-03 2.21799762e+00 2.79978369e-02 1.23350706e+00 1.02190087e-02 1.57489926e-01 1.35949327e-02 1.71552564e-01 2.43381416e-01 1.17053473e+00 3.44413496e+00 1.91278761e-08 3.19387040e-06 3.19442656e-04 4.95773671e-05 4.44326373e+01 1.88735284e-08 6.19205870e-07 3.92947186e-09 4.21547965e-05 7.24413014e-05 4.67892049e-07 3.29068956e-06 2.19190452e-08 3.73171640e-06 3.83616264e-03 1.34089350e-05 1.51225358e-01 1.27968830e-08
gen1390perm140 0.3132175319231803 3.14200567e-02 4.21626482e-02 1.26569660e-01 4.53729629e+01 7.10238640e+01 1.27010546e-03 6.10434668e-04 1.03875231e-02 1.86159264e-03 2.21799762e+00 2.59844089e-02 1.23350706e+00 1.07707403e-02 1.53178215e-01 1.31308684e-02 1.51854957e-01 2.50327942e-01 1.15625123e+00 3.35714438e+00 1.72396581e-08 3.16592035e-06 2.73161991e-04 4.95773671e-05 4.75866396e+01 2.17614143e-08 4.22016990e-07 3.12455197e-09 4.21547965e-05 6.97239061e-05 4.01878990e-07 3.58262279e-06 2.46594667e-08 3.88678593e-06 4.10313253e-03 1.30358109e-05 1.51225358e-01 1.90766802e-08
gen1390perm97 0.3143924129077598 3.54944096e-02 4.21626482e-02 1.34542385e-01 4.56097089e+01 7.75502231e+01 1.27010546e-03 4.71659855e-04 1.58022504e-02 1.83657122e-03 2.05075523e+00 2.95485775e-02 1.23350706e+00 1.06228529e-02 1.68461379e-01 1.25245825e-02 1.63915935e-01 2.37028452e-01 1.17221815e+00 3.34289695e+00 1.67823932e-08 3.76766875e-06 2.94804620e-04 4.95773671e-05 5.36842181e+01 2.17614143e-08 4.19964766e-07 3.38046107e-09 3.56723143e-05 7.69704392e-05 3.53299301e-07 3.77073794e-06 2.56142638e-08 3.92810511e-06 4.09932960e-03 1.34089350e-05 1.50782005e-01 1.33804930e-08
gen1390perm124 0.3162933395320302 3.66105441e-02 4.09431918e-02 1.34946186e-01 4.60556819e+01 7.91225644e+01 1.24709344e-03 5.91265474e-04 1.13360780e-02 1.76451110e-03 2.04110354e+00 2.59844089e-02 1.23350706e+00 1.02120790e-02 1.53178215e-01 1.34929133e-02 1.94197801e-01 2.43381416e-01 1.10547792e+00 3.59032292e+00 2.23423039e-08 3.42108755e-06 2.94804620e-04 4.95773671e-05 5.12244957e+01 2.17614143e-08 4.41681197e-07 3.31481988e-09 4.21547965e-05 7.09853455e-05 4.01878990e-07 3.83285886e-06 2.43426729e-08 3.80370842e-06 4.65004498e-03 1.30358109e-05 1.50782005e-01 1.96534854e-08
gen1390perm41 0.3164640662662099 3.34373209e-02 4.00717915e-02 1.34542385e-01 4.37109843e+01 8.57885586e+01 1.23669117e-03 5.21807431e-04 1.53355122e-02 2.05264031e-03 2.39223245e+00 2.81485102e-02 1.22028565e+00 1.07383284e-02 1.68461379e-01 1.29137319e-02 1.55882399e-01 2.43610195e-01 1.17221815e+00 3.80439217e+00 1.97970778e-08 3.37854166e-06 3.21021488e-04 5.41478242e-05 4.70956460e+01 2.49060030e-08 4.49341019e-07 3.83682967e-09 4.00566604e-05 7.25678340e-05 3.53299301e-07 3.44220687e-06 1.92647892e-08 4.08571509e-06 5.24932709e-03 1.35510746e-05 1.51225358e-01 1.94511402e-08
gen1390perm59 0.3198315301153981 3.66105441e-02 4.21626482e-02 1.34946186e-01 4.35011671e+01 7.27591955e+01 1.13897717e-03 5.55800905e-04 9.89202605e-03 2.13983440e-03 2.04110354e+00 2.79978369e-02 1.23350706e+00 9.91696302e-03 1.53178215e-01 1.35810274e-02 1.51854957e-01 2.53124475e-01 1.17221815e+00 3.32150382e+00 1.84696270e-08 3.42108755e-06 3.21021488e-04 4.95773671e-05 4.58526752e+01 2.00322921e-08 4.05315191e-07 3.57686953e-09 4.21547965e-05 7.26550492e-05 4.46602834e-07 3.53124312e-06 2.36177850e-08 3.65157024e-06 5.17513857e-03 1.32420314e-05 1.50771729e-01 1.80410475e-08
gen1390perm7 0.3201974882937507 3.41708194e-02 3.88002194e-02 1.36780044e-01 4.35011671e+01 7.10238640e+01 1.23624799e-03 5.08032973e-04 1.29938560e-02 2.44454178e-03 2.20551000e+00 2.59844089e-02 1.32936476e+00 1.02023825e-02 1.53178215e-01 1.45271251e-02 1.61040364e-01 2.53124475e-01 1.17221815e+00 3.32150382e+00 1.84696270e-08 3.53780106e-06 2.94804620e-04 5.38277852e-05 4.75866396e+01 2.17614143e-08 4.48241741e-07 3.52689745e-09 4.24096596e-05 7.13342564e-05 4.67892049e-07 2.98041278e-06 2.50114282e-08 3.99996992e-06 5.19129836e-03 1.34169464e-05 1.51225358e-01 1.55669933e-08
gen1390perm2 0.3237040498934348 3.41708194e-02 4.20081080e-02 1.36142988e-01 4.53729629e+01 7.32866762e+01 1.50146528e-03 6.52785913e-04 1.03875231e-02 1.97605723e-03 2.19030531e+00 3.13839467e-02 1.18331711e+00 1.07707403e-02 1.53178215e-01 1.45271251e-02 1.61712773e-01 2.50654250e-01 1.17053473e+00 3.44413496e+00 1.97812625e-08 3.47389650e-06 2.93838148e-04 4.98495496e-05 5.18451697e+01 2.17614143e-08 4.41681197e-07 2.98729982e-09 4.09086740e-05 7.95670017e-05 4.38220431e-07 3.58262279e-06 2.59813435e-08 3.88678593e-06 5.54588112e-03 1.30358109e-05 1.51225358e-01 1.47151114e-08
gen1390perm98 0.3243974627960295 3.46384464e-02 4.21626482e-02 1.34946186e-01 4.15805310e+01 7.65928477e+01 1.23624799e-03 5.26572328e-04 1.25050085e-02 2.38376853e-03 2.26198012e+00 2.76086887e-02 1.27419293e+00 1.03928791e-02 1.57957065e-01 1.34929133e-02 1.45605816e-01 2.43381416e-01 1.16072962e+00 3.63553431e+00 2.07123123e-08 3.15063569e-06 3.17395470e-04 5.20381637e-05 4.73764981e+01 2.31187726e-08 4.92556718e-07 3.31481988e-09 4.13290606e-05 7.24413014e-05 4.49703222e-07 3.44220687e-06 2.05402203e-08 3.96340887e-06 4.57119096e-03 1.30358109e-05 1.51225358e-01 1.99477387e-08
gen1390perm37 0.3248989099380755 3.11162456e-02 4.13060297e-02 1.39594635e-01 4.34033049e+01 7.10238640e+01 1.28409070e-03 5.26572328e-04 1.24917202e-02 2.13983440e-03 2.20551000e+00 2.92226832e-02 1.27419293e+00 1.06165553e-02 1.56676129e-01 1.40811906e-02 1.78803267e-01 2.43381416e-01 1.15657241e+00 3.32622148e+00 1.79016947e-08 3.53780106e-06 2.94804620e-04 5.16718429e-05 4.53991103e+01 2.29488983e-08 4.92652793e-07 3.61151180e-09 3.81194224e-05 6.98836218e-05 4.93554554e-07 3.10310472e-06 2.40698169e-08 4.01642756e-06 4.89811685e-03 1.28687050e-05 1.51225358e-01 1.46043108e-08
gen1390perm136 0.3263539105615010 3.46384464e-02 4.30517385e-02 1.44957761e-01 4.44944970e+01 8.57701340e+01 1.41041357e-03 5.77287187e-04 1.13360780e-02 2.21970331e-03 2.02447292e+00 2.79978369e-02 1.27510313e+00 9.81357395e-03 1.68461379e-01 1.45271251e-02 1.51854957e-01 2.64435856e-01 1.17221815e+00 3.51583884e+00 1.84696270e-08 3.53780106e-06 2.97519009e-04 5.18862325e-05 4.80496634e+01 2.17614143e-08 4.24478930e-07 3.28419202e-09 3.56723143e-05 7.09915651e-05 4.28261778e-07 3.44220687e-06 2.40237523e-08 3.47674206e-06 5.21589042e-03 1.32420314e-05 1.51225358e-01 1.94511402e-08
gen1390perm22 0.3263795757476992 3.55019273e-02 4.21626482e-02 1.34542385e-01 4.68731744e+01 7.65928477e+01 1.23624799e-03 5.55800905e-04 1.13360780e-02 2.44454178e-03 2.04110354e+00 2.76086887e-02 1.23350706e+00 1.06228529e-02 1.53178215e-01 1.45271251e-02 1.50744656e-01 2.47329660e-01 1.15064741e+00 3.34289695e+00 1.67823932e-08 3.44069917e-06 3.02510587e-04 5.00994199e-05 4.75866396e+01 2.29719395e-08 4.92556718e-07 3.51253315e-09 4.20645893e-05 7.14699934e-05 4.87211983e-07 3.77073794e-06 2.05402203e-08 3.96340887e-06 4.09932960e-03 1.33722083e-05 1.50782005e-01 1.58256802e-08
gen1390perm53 0.3269221106183798 3.42932840e-02 4.21626482e-02 1.34946186e-01 4.42723021e+01 7.75502231e+01 1.23624799e-03 4.59392610e-04 1.13360780e-02 1.86159264e-03 2.04110354e+00 2.59844089e-02 1.11874342e+00 1.02074125e-02 1.53178215e-01 1.29847956e-02 1.51854957e-01 2.21395426e-01 1.15625123e+00 3.35714438e+00 1.74467379e-08 3.15656941e-06 2.94804620e-04 4.89370133e-05 4.75866396e+01 2.38428922e-08 4.92551893e-07 3.29359280e-09 4.52625882e-05 6.83079301e-05 4.05437486e-07 3.58262279e-06 2.43426729e-08 3.88678593e-06 4.28266896e-03 1.26005782e-05 1.51225358e-01 1.42840261e-08
gen1390perm9 0.3280114559018709 3.29639224e-02 3.94050271e-02 1.44150854e-01 4.53729629e+01 7.60296790e+01 1.27010546e-03 5.26572328e-04 1.13458009e-02 2.14945909e-03 2.34126739e+00 2.81485102e-02 1.28895951e+00 1.07988465e-02 1.71653288e-01 1.35488895e-02 1.88877522e-01 2.43381416e-01 1.17053473e+00 3.50665583e+00 1.97970778e-08 3.21888881e-06 2.84965737e-04 5.15169458e-05 4.50495042e+01 2.14614723e-08 6.19205870e-07 3.58870169e-09 4.03177007e-05 6.96243531e-05 4.29400776e-07 2.45833899e-06 1.92647892e-08 3.96340887e-06 4.23967782e-03 1.21043764e-05 1.51225358e-01 1.33804930e-08
gen1390perm88 0.3295522470750004 3.66105441e-02 4.11569960e-02 1.34946186e-01 4.36175439e+01 7.75502231e+01 1.24709344e-03 5.26572328e-04 1.14910744e-02 1.76451110e-03 2.15061452e+00 2.69919854e-02 1.23350706e+00 1.02074125e-02 1.44276528e-01 1.34929133e-02 1.51854957e-01 2.43381416e-01 1.17053473e+00 3.27357840e+00 2.07123123e-08 3.42108755e-06 2.90631675e-04 4.89370133e-05 4.80383109e+01 2.18573716e-08 4.66693292e-07 3.31481988e-09 3.49705005e-05 6.40434913e-05 4.26677007e-07 3.10310472e-06 2.43426729e-08 3.95687190e-06 4.47469629e-03 1.32420314e-05 1.50782005e-01 1.27780714e-08
gen1390perm83 0.3304309211469854 3.41708194e-02 4.21626482e-02 1.23867368e-01 4.12065530e+01 7.32654065e+01 1.34670107e-03 5.70676511e-04 1.25050085e-02 2.10188568e-03 2.20551000e+00 2.36109348e-02 1.28895951e+00 1.04765755e-02 1.68461379e-01 1.57033601e-02 1.51854957e-01 2.53124475e-01 1.17053473e+00 3.27256226e+00 1.80910083e-08 3.42108755e-06 2.94804620e-04 4.95773671e-05 4.75866396e+01 2.12862712e-08 4.41204556e-07 3.46520618e-09 4.44983920e-05 7.15227909e-05 4.54119449e-07 3.44220687e-06 2.30076821e-08 4.08571509e-06 5.21589042e-03 1.31089528e-05 1.50782005e-01 1.40157144e-08
gen1390perm50 0.3329237156955756 3.41708194e-02 4.21626482e-02 1.34946186e-01 4.42723021e+01 6.84685396e+01 1.34802858e-03 5.58033259e-04 1.29938560e-02 1.86159264e-03 2.04110354e+00 2.74698446e-02 1.30289908e+00 1.02120790e-02 1.45887762e-01 1.42747948e-02 1.51854957e-01 2.53124475e-01 1.15064741e+00 3.25719431e+00 1.74308414e-08 3.53780106e-06 2.94804620e-04 4.95773671e-05 5.12244957e+01 2.17614143e-08 4.41681197e-07 3.62252618e-09 4.21547965e-05 7.15227909e-05 4.54119449e-07 3.44220687e-06 2.43426729e-08 3.99996992e-06 4.97312164e-03 1.33722083e-05 1.49554356e-01 1.46043108e-08
gen1390perm11 0.3334994418218132 3.27945277e-02 4.21626482e-02 1.13336136e-01 4.64419088e+01 8.57885586e+01 1.37804889e-03 5.47119428e-04 1.29938560e-02 2.39130581e-03 1.97898654e+00 2.76199670e-02 1.23350706e+00 1.02023825e-02 1.53178215e-01 1.45271251e-02 1.51854957e-01 2.39655905e-01 1.17221815e+00 3.32622148e+00 1.85588507e-08 3.53780106e-06 2.97519009e-04 5.28678763e-05 5.18451697e+01 2.17614143e-08 4.41681197e-07 3.52124359e-09 4.44983920e-05 6.40842201e-05 4.24248375e-07 3.44220687e-06 2.40237523e-08 3.88678593e-06 5.21589042e-03 1.33722083e-05 1.44645284e-01 1.77932015e-08
gen1390perm43 0.3358171208889907 3.46384464e-02 4.21626482e-02 1.13336136e-01 4.42723021e+01 7.12977261e+01 1.37804889e-03 5.66680458e-04 1.29938560e-02 2.36288647e-03 2.20551000e+00 2.79978369e-02 1.23350706e+00 1.07707403e-02 1.53178215e-01 1.34929133e-02 1.51854957e-01 2.39655905e-01 1.08876148e+00 3.32622148e+00 1.77535554e-08 3.53780106e-06 2.92394484e-04 5.00994199e-05 4.75866396e+01 2.17614143e-08 4.22016990e-07 3.28419202e-09 4.44983920e-05 6.83079301e-05 4.24248375e-07 3.69164393e-06 2.40237523e-08 3.88678593e-06 5.21589042e-03 1.31089528e-05 1.47297140e-01 2.00450344e-08
gen1390perm49 0.3367389002257141 3.42932840e-02 4.21626482e-02 1.34946186e-01 4.62007895e+01 7.32654065e+01 1.24709344e-03 4.59392610e-04 1.13360780e-02 2.36288647e-03 2.04110354e+00 2.79978369e-02 1.29436153e+00 1.02465863e-02 1.53178215e-01 1.38911037e-02 1.78803267e-01 2.37603723e-01 1.10674877e+00 3.32622148e+00 1.90000392e-08 3.53780106e-06 2.94804620e-04 4.95773671e-05 4.75866396e+01 2.17614143e-08 4.63732403e-07 3.28419202e-09 3.87542672e-05 7.13342564e-05 4.65982974e-07 3.58262279e-06 2.09547137e-08 3.80370842e-06 4.82068798e-03 1.33722083e-05 1.50782005e-01 1.46043108e-08
gen1390perm81 0.3374310687202936 3.42932840e-02 3.90837596e-02 1.13336136e-01 4.62007895e+01 8.57885586e+01 1.13315743e-03 5.55800905e-04 1.29938560e-02 2.36288647e-03 2.04110354e+00 2.59844089e-02 1.21700383e+00 1.02120790e-02 1.53178215e-01 1.45271251e-02 1.51854957e-01 2.39655905e-01 1.14147799e+00 3.32622148e+00 2.23423039e-08 3.52124467e-06 2.83482671e-04 4.89370133e-05 4.90792638e+01 2.17614143e-08 4.41681197e-07 3.28419202e-09 4.21547965e-05 7.15227909e-05 4.01878990e-07 3.58262279e-06 2.45135623e-08 3.96547429e-06 5.21589042e-03 1.33722083e-05 1.51225358e-01 1.77932015e-08
gen1390perm122 0.3381327207198220 3.46384464e-02 4.21626482e-02 1.34542385e-01 4.07013695e+01 7.64974449e+01 1.23624799e-03 4.71659855e-04 1.44359358e-02 1.83657122e-03 2.04110354e+00 2.72280818e-02 1.27419293e+00 1.02023825e-02 1.54135333e-01 1.25450023e-02 1.45605816e-01 2.43381416e-01 1.17221815e+00 3.32622148e+00 1.86615327e-08 3.44069917e-06 3.02510587e-04 5.00994199e-05 4.75866396e+01 2.32427877e-08 4.92556718e-07 3.28419202e-09 4.21547965e-05 7.37996495e-05 5.27904147e-07 3.77073794e-06 1.93153058e-08 3.99996992e-06 4.97312164e-03 1.31089528e-05 1.53492827e-01 1.50273507e-08
gen1390perm127 0.3382654667200355 3.28517167e-02 4.21626482e-02 1.23993610e-01 4.64075970e+01 7.75502231e+01 1.16330517e-03 4.59392610e-04 1.25050085e-02 2.05002009e-03 2.04110354e+00 2.79978369e-02 1.23385854e+00 9.98599901e-03 1.53178215e-01 1.51785917e-02 1.44753390e-01 2.50327942e-01 1.15625123e+00 3.35714438e+00 1.72695821e-08 3.42108755e-06 2.65807184e-04 4.95773671e-05 5.23009962e+01 2.17614143e-08 4.17717543e-07 3.28419202e-09 4.44983920e-05 7.69704392e-05 4.54119449e-07 3.59880232e-06 2.22770177e-08 3.88678593e-06 4.21882383e-03 1.33722083e-05 1.59599020e-01 1.47035470e-08
gen1390perm138 0.3385575154778176 3.46541427e-02 4.21626482e-02 1.34946186e-01 4.42723021e+01 7.75502231e+01 1.24709344e-03 4.36093900e-04 1.25050085e-02 1.70645477e-03 2.04110354e+00 2.53988628e-02 1.25746312e+00 1.02465863e-02 1.59225022e-01 1.42826734e-02 1.59489463e-01 2.64642547e-01 1.15625123e+00 3.59032292e+00 2.07123123e-08 3.34190443e-06 2.90631675e-04 5.29785453e-05 5.11336162e+01 2.18573716e-08 5.03153367e-07 3.35196873e-09 4.16705254e-05 8.13775881e-05 4.54119449e-07 2.99482330e-06 2.59469498e-08 3.99996992e-06 4.97090571e-03 1.30358109e-05 1.51225358e-01 1.53327783e-08
gen1390perm46 0.3403923463363717 3.16894548e-02 4.21626482e-02 1.34888693e-01 4.66024399e+01 7.32866762e+01 1.34670107e-03 6.40378093e-04 1.13360780e-02 2.09915893e-03 2.20551000e+00 2.79978369e-02 1.27419293e+00 1.07707403e-02 1.53178215e-01 1.34929133e-02 1.53069453e-01 2.43381416e-01 1.15625123e+00 4.03134490e+00 1.87559830e-08 3.30948817e-06 2.94804620e-04 4.95773671e-05 4.75866396e+01 2.17614143e-08 4.41681197e-07 2.98729982e-09 3.56723143e-05 6.44658559e-05 3.92124262e-07 3.58262279e-06 2.78627116e-08 3.88678593e-06 4.23967782e-03 1.30042162e-05 1.51225358e-01 2.00450344e-08
gen1390perm119 0.3425167150616147 3.55378567e-02 4.21626482e-02 1.34946186e-01 4.42723021e+01 7.32654065e+01 1.23624799e-03 5.97356437e-04 1.24917202e-02 2.13983440e-03 2.04110354e+00 2.79978369e-02 1.20828121e+00 9.28122056e-03 1.53178215e-01 1.45271251e-02 1.51854957e-01 2.30793268e-01 1.14833409e+00 3.32622148e+00 1.90000392e-08 3.44069917e-06 2.94804620e-04 4.95773671e-05 4.75866396e+01 2.17614143e-08 4.41681197e-07 3.28419202e-09 4.21547965e-05 7.04079032e-05 5.27904147e-07 3.44220687e-06 2.42730200e-08 3.83315643e-06 5.21589042e-03 1.31089528e-05 1.51225358e-01 1.46043108e-08
gen1390perm99 0.3429101129399904 3.66105441e-02 4.12389196e-02 1.34946186e-01 4.62007895e+01 7.60296790e+01 1.26152249e-03 5.46753903e-04 1.09421766e-02 1.76451110e-03 2.08350430e+00 2.75239626e-02 1.19957033e+00 1.07988465e-02 1.53178215e-01 1.30460825e-02 1.61040364e-01 2.43381416e-01 1.21999551e+00 3.59032292e+00 1.85647827e-08 3.30948817e-06 2.94804620e-04 4.89370133e-05 5.04560283e+01 2.17614143e-08 4.46575736e-07 3.09400268e-09 4.21547965e-05 6.77807856e-05 3.86207356e-07 3.23781990e-06 2.42730200e-08 3.80370842e-06 4.02633474e-03 1.34089350e-05 1.50782005e-01 2.00450344e-08
gen1390perm121 0.3429574385623447 3.41708194e-02 4.23029653e-02 1.34946186e-01 4.15805310e+01 8.12138124e+01 1.24709344e-03 5.83238068e-04 1.32347606e-02 2.13983440e-03 2.26198012e+00 2.76086887e-02 1.23350706e+00 1.06228529e-02 1.57957065e-01 1.40811906e-02 1.59489463e-01 2.43381416e-01 1.12877006e+00 3.34289695e+00 1.79601477e-08 3.53780106e-06 2.94804620e-04 5.29785453e-05 5.33398176e+01 2.29719395e-08 4.00808543e-07 3.40601655e-09 4.13290606e-05 7.24413014e-05 4.49703222e-07 3.10310472e-06 2.42730200e-08 3.96340887e-06 4.13939781e-03 1.34089350e-05 1.51225358e-01 1.99477387e-08
gen1390perm21 0.3467515485994251 3.46384464e-02 4.21626482e-02 1.23993610e-01 4.15805310e+01 7.32654065e+01 1.23624799e-03 4.71659855e-04 1.58022504e-02 1.83657122e-03 2.26198012e+00 2.59844089e-02 1.27419293e+00 1.02023825e-02 1.57957065e-01 1.34929133e-02 1.52272201e-01 2.53124475e-01 1.17221815e+00 3.32622148e+00 1.61787458e-08 3.53780106e-06 2.94804620e-04 4.95773671e-05 5.15912206e+01 2.17614143e-08 4.41681197e-07 3.28419202e-09 4.29509726e-05 7.13342564e-05 4.49703222e-07 3.44220687e-06 2.42730200e-08 3.88678593e-06 4.97312164e-03 1.34089350e-05 1.46364406e-01 1.99477387e-08
gen1390perm19 0.3471912719285328 3.42932840e-02 3.61121339e-02 1.11733550e-01 4.66702882e+01 8.57885586e+01 1.37804889e-03 4.46345110e-04 1.32145066e-02 2.35958477e-03 2.04110354e+00 2.79978369e-02 1.23350706e+00 1.04868598e-02 1.53178215e-01 1.27209327e-02 1.78803267e-01 2.54288079e-01 1.17734057e+00 3.19529688e+00 1.66267571e-08 3.30948817e-06 2.80362224e-04 5.28678763e-05 5.19372188e+01 2.17614143e-08 4.46370091e-07 3.38303790e-09 3.81194224e-05 7.13342564e-05 3.76842554e-07 3.21027941e-06 2.57439482e-08 3.99996992e-06 4.50548498e-03 1.36917147e-05 1.45860201e-01 1.27387223e-08
gen1390perm143 0.3486791949216063 3.42932840e-02 4.21626482e-02 1.11733550e-01 4.53729629e+01 7.32866762e+01 1.23624799e-03 6.10434668e-04 1.13360780e-02 2.09915893e-03 2.04110354e+00 2.61554356e-02 1.17663173e+00 1.07707403e-02 1.50677079e-01 1.34929133e-02 1.78803267e-01 2.43381416e-01 1.15625123e+00 3.90240900e+00 1.72396581e-08 3.53780106e-06 2.94804620e-04 4.75310060e-05 5.07182848e+01 2.17614143e-08 4.22016990e-07 3.52124359e-09 4.44983920e-05 6.40842201e-05 3.92124262e-07 3.58262279e-06 2.40237523e-08 3.88678593e-06 4.97312164e-03 1.30358109e-05 1.51225358e-01 1.35503201e-08
gen1390perm117 0.3540529390462914 3.73366460e-02 4.00717915e-02 1.34946186e-01 4.63628054e+01 7.42598858e+01 1.24709344e-03 5.91265474e-04 1.29938560e-02 1.92270439e-03 2.04110354e+00 2.81485102e-02 1.21874298e+00 1.00025216e-02 1.53178215e-01 1.41351309e-02 1.78803267e-01 2.43381416e-01 1.15064741e+00 3.32150382e+00 2.07123123e-08 3.53780106e-06 2.94804620e-04 5.29226580e-05 5.07422538e+01 2.32420575e-08 4.66693292e-07 3.61797899e-09 4.21547965e-05 7.72422811e-05 4.54119449e-07 2.90524539e-06 2.02767421e-08 3.92589880e-06 5.83969651e-03 1.31089528e-05 1.42581961e-01 1.69118130e-08
gen1390perm12 0.3542777633964192 3.09636094e-02 3.88202745e-02 1.11733550e-01 4.42723021e+01 8.57885586e+01 1.38971252e-03 5.55800905e-04 1.13360780e-02 2.21970331e-03 2.17426867e+00 2.79978369e-02 1.23350706e+00 1.02023825e-02 1.53178215e-01 1.23710241e-02 1.51854957e-01 2.47930690e-01 1.17221815e+00 3.90240900e+00 1.97812625e-08 3.53780106e-06 2.92394484e-04 4.98495496e-05 5.07182848e+01 2.11249113e-08 4.41681197e-07 3.50686203e-09 4.32794096e-05 7.15227909e-05 4.24248375e-07 3.44220687e-06 2.40237523e-08 3.88678593e-06 4.97312164e-03 1.29203555e-05 1.51225358e-01 1.77932015e-08
gen1390perm104 0.3584124291838266 3.46384464e-02 4.21626482e-02 1.50668948e-01 4.04042477e+01 7.10238640e+01 1.21823774e-03 5.18926762e-04 1.12429120e-02 2.10956001e-03 2.26198012e+00 2.96411330e-02 1.38655920e+00 1.09969525e-02 1.68461379e-01 1.34929133e-02 1.55891251e-01 2.43381416e-01 1.17053473e+00 3.02730930e+00 1.72173214e-08 3.42108755e-06 3.14029788e-04 5.00994199e-05 5.17378587e+01 2.04275369e-08 4.66693292e-07 3.40729090e-09 3.81194224e-05 6.77807856e-05 4.30344669e-07 3.77073794e-06 1.94929208e-08 4.08571509e-06 4.09478508e-03 1.26664833e-05 1.51431943e-01 1.27968830e-08
gen1390perm34 0.3606659209923625 3.46384464e-02 4.21626482e-02 1.34946186e-01 4.64075970e+01 7.10238640e+01 1.23624799e-03 5.40680341e-04 1.14397353e-02 2.22926785e-03 2.40690298e+00 2.79978369e-02 1.23350706e+00 1.07707403e-02 1.68461379e-01 1.34929133e-02 1.39782876e-01 2.43381416e-01 1.14530913e+00 3.35714438e+00 1.72396581e-08 3.53780106e-06 2.94804620e-04 4.95773671e-05 4.75866396e+01 2.17614143e-08 4.41681197e-07 2.84614427e-09 3.56723143e-05 6.83079301e-05 4.30344669e-07 3.44220687e-06 2.47799512e-08 3.95252869e-06 5.21589042e-03 1.33722083e-05 1.51225358e-01 1.47035470e-08
gen1390perm3 0.3620889444939581 3.42932840e-02 4.21626482e-02 1.23993610e-01 4.42723021e+01 7.75502231e+01 1.23624799e-03 5.55800905e-04 1.13360780e-02 1.86159264e-03 2.04110354e+00 2.59844089e-02 1.23350706e+00 9.37868498e-03 1.45198485e-01 1.37689857e-02 1.45605816e-01 2.42593162e-01 1.15625123e+00 3.35714438e+00 1.86029699e-08 3.33172633e-06 2.79697173e-04 4.89370133e-05 4.75866396e+01 2.17614143e-08 4.22016990e-07 3.28340371e-09 4.44983920e-05 6.83079301e-05 4.01878990e-07 3.44220687e-06 2.48302713e-08 3.88678593e-06 5.17204358e-03 1.33722083e-05 1.53581211e-01 1.53327783e-08
gen1390perm13 0.3627820080568621 3.46384464e-02 4.00489660e-02 1.34946186e-01 4.42723021e+01 8.57885586e+01 1.34670107e-03 5.55800905e-04 1.14397353e-02 2.03246127e-03 2.34049498e+00 2.81485102e-02 1.27419293e+00 1.07383284e-02 1.68461379e-01 1.34929133e-02 1.37768051e-01 2.43381416e-01 1.11946853e+00 3.70733777e+00 1.77535554e-08 3.40632182e-06 3.21021488e-04 5.71383984e-05 4.70956460e+01 2.03948880e-08 4.22016990e-07 3.58367046e-09 4.00566604e-05 7.93856644e-05 4.30344669e-07 3.02534713e-06 2.36347248e-08 3.84611615e-06 4.23967782e-03 1.32420314e-05 1.51225358e-01 2.00450344e-08
gen1390perm116 0.3651377593130042 3.74812480e-02 4.26806527e-02 1.06024479e-01 4.51596346e+01 8.58710940e+01 1.43250929e-03 5.46753903e-04 1.14910744e-02 1.64763569e-03 1.88538889e+00 2.69919854e-02 1.27419293e+00 1.07988465e-02 1.64260618e-01 1.42826734e-02 1.66523612e-01 2.54263886e-01 1.17221815e+00 3.43092810e+00 2.23423039e-08 3.30948817e-06 3.20949699e-04 4.89370133e-05 5.19813058e+01 2.17614143e-08 4.85073752e-07 3.31481988e-09 4.21547965e-05 6.77807856e-05 4.30344669e-07 3.44220687e-06 2.42730200e-08 4.00666182e-06 4.97090571e-03 1.32420314e-05 1.50782005e-01 1.97130113e-08
gen1390perm45 0.3677108388616346 3.41708194e-02 4.21626482e-02 1.18231288e-01 4.29968151e+01 7.12977261e+01 1.23624799e-03 5.55800905e-04 1.14397353e-02 2.20011939e-03 2.19030531e+00 2.68584476e-02 1.20701006e+00 1.07707403e-02 1.68461379e-01 1.34929133e-02 1.61712773e-01 2.50654250e-01 1.23959033e+00 3.14820779e+00 1.77535554e-08 3.33172633e-06 2.73787798e-04 5.00994199e-05 4.75866396e+01 2.17614143e-08 4.22016990e-07 3.12455197e-09 4.21547965e-05 6.68443876e-05 4.30344669e-07 3.69164393e-06 2.21352934e-08 3.96340887e-06 5.54588112e-03 1.35681165e-05 1.50782005e-01 1.47151114e-08
gen1390perm87 0.3683955429898538 3.46541427e-02 3.98927429e-02 1.26980401e-01 4.42723021e+01 8.58710940e+01 1.24709344e-03 5.46753903e-04 1.22798621e-02 1.76451110e-03 2.04110354e+00 2.69919854e-02 1.30047290e+00 9.68257894e-03 1.64260618e-01 1.42826734e-02 1.78803267e-01 2.43381416e-01 1.15625123e+00 3.43092810e+00 2.23423039e-08 3.34190443e-06 3.20949699e-04 4.95773671e-05 5.19813058e+01 2.17614143e-08 4.66693292e-07 2.96986592e-09 4.21547965e-05 7.72422811e-05 4.63071089e-07 3.44220687e-06 2.40698169e-08 4.00666182e-06 4.97090571e-03 1.39299629e-05 1.51225358e-01 1.97130113e-08
gen1390perm111 0.3688202702000082 3.50805092e-02 4.06750314e-02 1.34946186e-01 4.92742747e+01 7.15329203e+01 1.16240905e-03 5.67239403e-04 1.48708995e-02 2.36288647e-03 2.04110354e+00 2.92226832e-02 1.28895951e+00 1.07988465e-02 1.71653288e-01 1.24745484e-02 1.70219618e-01 2.53124475e-01 1.20941028e+00 3.32622148e+00 1.90000392e-08 3.30948817e-06 3.02510587e-04 5.00994199e-05 4.75866396e+01 2.27641598e-08 4.88293677e-07 2.95917511e-09 3.56723143e-05 7.13342564e-05 4.87211983e-07 3.44220687e-06 2.42730200e-08 3.96340887e-06 4.97312164e-03 1.21385668e-05 1.51225358e-01 1.49254383e-08
gen1390perm32 0.3712085126087211 3.66105441e-02 4.21626482e-02 1.13336136e-01 4.42723021e+01 8.57885586e+01 1.37804889e-03 5.55800905e-04 1.29938560e-02 1.76451110e-03 2.04110354e+00 2.69919854e-02 1.23350706e+00 1.02023825e-02 1.53178215e-01 1.34929133e-02 1.51854957e-01 2.39655905e-01 1.17221815e+00 3.32622148e+00 2.23423039e-08 3.42108755e-06 2.71884051e-04 4.95773671e-05 5.18451697e+01 2.17614143e-08 4.41681197e-07 3.28419202e-09 4.44983920e-05 7.09853455e-05 4.01878990e-07 3.44220687e-06 2.61391385e-08 3.88678593e-06 4.82068798e-03 1.33722083e-05 1.43144609e-01 1.77932015e-08
gen1390perm106 0.3733033250628603 3.41708194e-02 4.21626482e-02 1.23993610e-01 4.53729629e+01 6.73532601e+01 1.24709344e-03 4.35676896e-04 1.18934535e-02 2.02585168e-03 2.26198012e+00 2.79978369e-02 1.27906135e+00 1.06228529e-02 1.68461379e-01 1.34929133e-02 1.54874950e-01 2.43381416e-01 1.15625123e+00 3.33866013e+00 1.90000392e-08 3.33172633e-06 3.14029788e-04 4.95773671e-05 4.75866396e+01 2.25988675e-08 4.66693292e-07 2.76598509e-09 3.81194224e-05 5.87399548e-05 3.92124262e-07 3.44220687e-06 2.48222946e-08 3.88678593e-06 4.09932960e-03 1.30358109e-05 1.39562423e-01 1.38324314e-08
gen1390perm130 0.3776005366867560 3.41708194e-02 4.21626482e-02 1.06024479e-01 4.53729629e+01 8.02995404e+01 1.43250929e-03 6.19111302e-04 1.13360780e-02 2.09915893e-03 2.33122490e+00 2.79978369e-02 1.27419293e+00 1.07988465e-02 1.64260618e-01 1.35574493e-02 1.61712773e-01 2.54263886e-01 1.09747670e+00 3.14820779e+00 2.07123123e-08 3.30948817e-06 2.94804620e-04 4.70579633e-05 5.04560283e+01 2.17614143e-08 4.66693292e-07 2.98729982e-09 3.80868684e-05 6.44658559e-05 4.74978130e-07 3.88815765e-06 2.59813435e-08 3.88678593e-06 4.97090571e-03 1.35849074e-05 1.51225358e-01 1.47151114e-08
gen1390perm10 0.3803275839281708 3.46384464e-02 4.20168440e-02 1.34542385e-01 4.20835717e+01 7.10238640e+01 1.41731197e-03 4.77409914e-04 1.21854147e-02 2.16477962e-03 2.22639617e+00 2.92226832e-02 1.33420442e+00 1.03928791e-02 1.55682282e-01 1.36210389e-02 1.47912742e-01 2.34748718e-01 1.17221815e+00 3.63553431e+00 1.99545818e-08 3.30948817e-06 2.61532597e-04 5.00994199e-05 4.75866396e+01 2.17614143e-08 4.82997625e-07 3.12455197e-09 3.58008053e-05 7.69704392e-05 4.53994242e-07 3.44220687e-06 2.54775002e-08 3.91693542e-06 4.62991323e-03 1.47537692e-05 1.51225358e-01 1.53327783e-08
gen1390perm44 0.3813912348371431 3.41708194e-02 4.17428328e-02 1.34946186e-01 4.53729629e+01 8.57885586e+01 1.34670107e-03 5.55800905e-04 1.14397353e-02 2.20011939e-03 2.17426867e+00 2.68584476e-02 1.27419293e+00 1.02023825e-02 1.68461379e-01 1.45271251e-02 1.50032532e-01 2.43381416e-01 1.26028079e+00 4.03134490e+00 1.97812625e-08 3.30948817e-06 2.93679824e-04 4.55336796e-05 5.18451697e+01 2.17614143e-08 4.41681197e-07 3.12455197e-09 3.56723143e-05 7.15227909e-05 4.30344669e-07 3.44220687e-06 2.65475661e-08 3.96340887e-06 4.23967782e-03 1.33722083e-05 1.51225358e-01 1.77932015e-08
gen1390perm65 0.3838528671323492 3.42932840e-02 4.31624770e-02 1.39475517e-01 4.13086283e+01 7.72316178e+01 1.23624799e-03 5.26572328e-04 1.14910744e-02 2.16477962e-03 2.20551000e+00 2.83759179e-02 1.23350706e+00 1.10162778e-02 1.83147851e-01 1.42572003e-02 1.47215066e-01 2.43381416e-01 1.17221815e+00 3.32278471e+00 1.77535554e-08 3.74942431e-06 3.11271996e-04 4.89370133e-05 5.30624022e+01 2.17614143e-08 5.18840280e-07 3.31481988e-09 3.56723143e-05 6.83079301e-05 3.57480637e-07 3.58262279e-06 2.42730200e-08 3.96340887e-06 4.82068798e-03 1.30358109e-05 1.41101858e-01 2.00450344e-08
gen1390perm70 0.3843154516214459 3.46384464e-02 4.21626482e-02 1.34542385e-01 3.80381810e+01 7.32654065e+01 1.12490985e-03 4.71659855e-04 1.15463328e-02 1.88187646e-03 2.04110354e+00 2.76086887e-02 1.23350706e+00 1.06228529e-02 1.57957065e-01 1.41898648e-02 1.53641825e-01 2.63166932e-01 1.17221815e+00 3.54388630e+00 1.67823932e-08 3.42108755e-06 3.02510587e-04 4.95773671e-05 4.68897732e+01 2.29719395e-08 4.92556718e-07 3.40601655e-09 4.06386709e-05 7.24413014e-05 4.01878990e-07 3.58262279e-06 2.47411449e-08 4.18690749e-06 4.09396368e-03 1.34089350e-05 1.41852386e-01 1.99477387e-08
gen1390perm85 0.3879072144449008 3.42932840e-02 4.21626482e-02 1.34946186e-01 4.53729629e+01 7.72316178e+01 1.39487295e-03 5.55800905e-04 1.14397353e-02 2.30048593e-03 2.04110354e+00 2.79978369e-02 1.17945361e+00 1.07707403e-02 1.68461379e-01 1.42826734e-02 1.39782876e-01 2.43381416e-01 1.26069536e+00 3.59032292e+00 1.77535554e-08 3.30948817e-06 2.94804620e-04 4.95773671e-05 5.30624022e+01 2.29719395e-08 4.66693292e-07 3.12455197e-09 3.56723143e-05 6.83079301e-05 4.50404900e-07 3.44220687e-06 2.40196182e-08 3.90041545e-06 5.05331258e-03 1.31089528e-05 1.50782005e-01 2.04895077e-08
gen1390perm101 0.3887794687534896 3.47361648e-02 4.49748036e-02 1.43421102e-01 4.42723021e+01 7.10238640e+01 1.27010546e-03 5.26572328e-04 1.03875231e-02 1.97605723e-03 2.26198012e+00 2.69296515e-02 1.28221701e+00 1.07707403e-02 1.68461379e-01 1.36210389e-02 1.47912742e-01 2.44299973e-01 1.17221815e+00 3.28629980e+00 1.97507966e-08 3.31852029e-06 2.76698092e-04 4.64912785e-05 4.75866396e+01 2.22721905e-08 4.66693292e-07 3.12455197e-09 3.81194224e-05 7.25678340e-05 4.52958124e-07 3.58262279e-06 2.54517130e-08 4.08571509e-06 5.19883986e-03 1.30358109e-05 1.63834099e-01 1.79016942e-08
gen1390perm79 0.3953905280996031 3.41708194e-02 4.39048515e-02 1.34946186e-01 4.42723021e+01 7.24493361e+01 1.24709344e-03 5.55800905e-04 1.29938560e-02 2.44454178e-03 2.04110354e+00 2.79978369e-02 1.19196850e+00 1.02023825e-02 1.54135333e-01 1.45271251e-02 1.65017138e-01 2.53124475e-01 1.18392918e+00 3.32622148e+00 1.90000392e-08 3.53780106e-06 2.94804620e-04 4.68134281e-05 4.75866396e+01 2.29417820e-08 4.05315191e-07 3.28419202e-09 4.21547965e-05 7.73257528e-05 4.54119449e-07 3.44220687e-06 2.42730200e-08 3.99996992e-06 5.19129836e-03 1.31089528e-05 1.43165512e-01 1.46043108e-08
gen1390perm58 0.3989341938744589 3.13936496e-02 4.21626482e-02 1.31069822e-01 4.42723021e+01 7.32654065e+01 1.27010546e-03 5.02354931e-04 1.13360780e-02 2.36288647e-03 2.11172642e+00 2.59844089e-02 1.16311247e+00 1.03928791e-02 1.53178215e-01 1.29847956e-02 1.55373532e-01 2.52364573e-01 1.23098309e+00 3.02247135e+00 1.90000392e-08 3.43190032e-06 2.94804620e-04 4.95773671e-05 4.75866396e+01 2.17614143e-08 6.19205870e-07 3.28419202e-09 3.35964364e-05 7.13342564e-05 4.53994242e-07 3.44220687e-06 2.43426729e-08 3.99996992e-06 4.97312164e-03 1.39604861e-05 1.51225358e-01 1.46043108e-08
gen1390perm82 0.4004089489900813 3.41708194e-02 4.21626482e-02 1.34946186e-01 4.42723021e+01 7.75502231e+01 1.37804889e-03 5.91265474e-04 1.13360780e-02 1.86159264e-03 2.17426867e+00 2.79978369e-02 1.23350706e+00 1.02023825e-02 1.53178215e-01 1.34929133e-02 1.76866942e-01 2.43381416e-01 1.06567040e+00 3.54283409e+00 2.00620371e-08 3.42108755e-06 2.92394484e-04 4.98495496e-05 5.18451697e+01 2.17614143e-08 4.41681197e-07 3.31481988e-09 4.71012542e-05 7.09853455e-05 4.57499429e-07 3.44220687e-06 2.43426729e-08 3.80370842e-06 4.82068798e-03 1.30358109e-05 1.50782005e-01 2.11940515e-08
gen1390perm93 0.4033144839352358 3.09581970e-02 3.90488796e-02 1.34946186e-01 4.42723021e+01 8.34830587e+01 1.24709344e-03 5.40680341e-04 1.29938560e-02 2.36288647e-03 1.97100318e+00 2.55053822e-02 1.23350706e+00 1.02465863e-02 1.53178215e-01 1.35946955e-02 1.51854957e-01 2.53124475e-01 1.21863372e+00 3.32622148e+00 1.72396581e-08 3.53780106e-06 3.08612555e-04 4.78141485e-05 4.75866396e+01 2.17614143e-08 4.41681197e-07 3.33341506e-09 4.21547965e-05 7.13342564e-05 4.54119449e-07 3.44220687e-06 2.24960912e-08 3.95252869e-06 4.97312164e-03 1.33722083e-05 1.50782005e-01 1.46043108e-08
gen1390perm78 0.4059858645887242 3.66105441e-02 3.98927429e-02 1.26980401e-01 4.29192734e+01 7.10238640e+01 1.24709344e-03 5.06295997e-04 1.25050085e-02 1.62526440e-03 2.04110354e+00 2.92226832e-02 1.23350706e+00 1.02074125e-02 1.57489926e-01 1.35949327e-02 1.39859816e-01 2.27291083e-01 1.25596484e+00 3.43092810e+00 2.07123123e-08 3.42108755e-06 3.07986316e-04 4.95773671e-05 5.19813058e+01 2.17614143e-08 4.46370091e-07 3.01634874e-09 4.21547965e-05 7.24413014e-05 3.53299301e-07 3.26911023e-06 2.40698169e-08 3.91693542e-06 4.47469629e-03 1.30358109e-05 1.51225358e-01 1.35088893e-08
gen1390perm109 0.4159968502393421 3.42932840e-02 4.21626482e-02 1.40767641e-01 4.42723021e+01 6.55539388e+01 1.18600255e-03 4.62223383e-04 1.03875231e-02 2.22165069e-03 1.83008142e+00 2.45141973e-02 1.28895951e+00 1.07707403e-02 1.53178215e-01 1.17197167e-02 1.51854957e-01 2.39464440e-01 1.17053473e+00 3.35714438e+00 1.81772965e-08 3.30948817e-06 2.94804620e-04 5.00994199e-05 5.21739968e+01 2.12618244e-08 4.66693292e-07 3.65866724e-09 4.21547965e-05 7.13342564e-05 3.51217879e-07 3.44220687e-06 2.43426729e-08 3.96340887e-06 3.83623631e-03 1.34381277e-05 1.58178941e-01 1.53327783e-08
gen1390perm67 0.4241174391601583 3.42932840e-02 4.46260893e-02 1.16433745e-01 4.42723021e+01 7.32654065e+01 1.23624799e-03 4.50457231e-04 1.13360780e-02 1.86159264e-03 2.04110354e+00 2.28350758e-02 1.23350706e+00 9.19936776e-03 1.55739778e-01 1.29847956e-02 1.66375337e-01 2.50327942e-01 1.15625123e+00 3.59032292e+00 1.71282096e-08 3.33172633e-06 2.74523189e-04 4.89370133e-05 4.75866396e+01 2.17614143e-08 4.53079142e-07 3.57068645e-09 4.44983920e-05 7.13342564e-05 4.01878990e-07 3.58262279e-06 2.61780821e-08 3.99996992e-06 4.50179435e-03 1.30358109e-05 1.51225358e-01 1.42840261e-08
gen1390perm135 0.4285540827332722 3.41708194e-02 3.99419433e-02 1.00717540e-01 4.45285434e+01 7.00969674e+01 1.51440368e-03 5.08032973e-04 1.03875231e-02 2.22926785e-03 1.99457529e+00 2.39318840e-02 1.24715731e+00 1.02023825e-02 1.53178215e-01 1.30090857e-02 1.50229383e-01 2.39655905e-01 1.17221815e+00 4.16373629e+00 1.75002975e-08 3.42108755e-06 2.94804620e-04 5.00994199e-05 5.07182848e+01 2.33299518e-08 4.31875804e-07 2.84614427e-09 4.44983920e-05 7.15227909e-05 4.66361995e-07 3.26605532e-06 2.42730200e-08 3.96340887e-06 4.66706215e-03 1.33722083e-05 1.38838576e-01 1.74131433e-08
gen1390perm73 0.4327947005356271 3.42932840e-02 4.21626482e-02 1.34946186e-01 4.45285434e+01 7.62264667e+01 1.23624799e-03 5.91265474e-04 1.13360780e-02 1.86159264e-03 2.17426867e+00 2.59844089e-02 1.28282128e+00 1.02120790e-02 1.53178215e-01 1.34929133e-02 1.51854957e-01 2.43381416e-01 1.22152681e+00 3.54283409e+00 2.23423039e-08 3.14345803e-06 2.94804620e-04 4.89370133e-05 5.07182848e+01 2.11249113e-08 4.41681197e-07 3.52124359e-09 4.44983920e-05 7.79357919e-05 4.01878990e-07 3.49406036e-06 2.40237523e-08 3.80370842e-06 4.97312164e-03 1.29203555e-05 1.51225358e-01 2.11940515e-08
gen1390perm86 0.4344067985947772 3.46384464e-02 3.98927429e-02 1.26980401e-01 4.42723021e+01 7.75502231e+01 1.14689104e-03 5.26572328e-04 1.25050085e-02 2.16477962e-03 2.20551000e+00 2.83759179e-02 1.23350706e+00 1.02465863e-02 1.49598669e-01 1.21808744e-02 1.78803267e-01 2.43381416e-01 1.28273154e+00 4.03134490e+00 1.90044076e-08 3.42108755e-06 3.31555497e-04 4.95773671e-05 4.49027244e+01 2.17614143e-08 4.94005674e-07 3.35535270e-09 3.63161815e-05 7.69704392e-05 4.54119449e-07 3.44220687e-06 2.42730200e-08 3.96340887e-06 4.82068798e-03 1.30358109e-05 1.51225358e-01 1.33804930e-08
gen1390perm84 0.4379485078876685 3.46384464e-02 4.21626482e-02 1.09008184e-01 4.42723021e+01 7.32851479e+01 1.23624799e-03 5.55800905e-04 1.06905970e-02 2.36288647e-03 2.22343417e+00 2.55172043e-02 1.34240569e+00 1.07312146e-02 1.50097017e-01 1.34929133e-02 1.47131720e-01 2.41123682e-01 1.18504137e+00 3.71544464e+00 1.70752217e-08 3.42108755e-06 2.74897985e-04 5.42199039e-05 4.75866396e+01 2.17614143e-08 5.31755480e-07 3.37605028e-09 3.56723143e-05 6.73886121e-05 4.59408822e-07 3.45285037e-06 2.58351798e-08 3.99996992e-06 4.23967782e-03 1.33722083e-05 1.38972628e-01 1.46043108e-08
gen1390perm17 0.4392763751588928 3.27945277e-02 4.21626482e-02 1.43421102e-01 4.83091420e+01 8.57885586e+01 1.18656845e-03 5.55800905e-04 1.03875231e-02 1.95419904e-03 2.38038012e+00 2.79978369e-02 1.23350706e+00 1.07707403e-02 1.68461379e-01 1.23710241e-02 1.51854957e-01 2.43381416e-01 1.17221815e+00 3.90240900e+00 1.75002975e-08 3.35715099e-06 3.19442656e-04 5.00283091e-05 4.73913748e+01 2.05440425e-08 4.41681197e-07 3.52124359e-09 4.44983920e-05 7.25678340e-05 4.67892049e-07 3.29068956e-06 2.54517130e-08 4.08571509e-06 4.97312164e-03 1.34089350e-05 1.39816713e-01 1.77932015e-08
gen1390perm76 0.4400005107062729 3.42932840e-02 4.10334132e-02 1.23993610e-01 4.42723021e+01 7.75502231e+01 1.23624799e-03 5.55800905e-04 1.29938560e-02 1.86159264e-03 2.04110354e+00 2.59844089e-02 1.23350706e+00 1.02074125e-02 1.53178215e-01 1.34929133e-02 1.51854957e-01 2.53124475e-01 1.08811555e+00 3.24197547e+00 1.90000392e-08 3.86269319e-06 2.94804620e-04 4.77950026e-05 4.75866396e+01 2.17614143e-08 4.22016990e-07 3.35535270e-09 4.21547965e-05 7.15227909e-05 4.80988426e-07 3.58262279e-06 2.45627839e-08 4.07762403e-06 5.21589042e-03 1.41341264e-05 1.51225358e-01 1.67989921e-08
gen1390perm137 0.4431652909770012 3.14165441e-02 4.11569960e-02 1.48458973e-01 4.36175439e+01 8.42362069e+01 1.24709344e-03 5.24808221e-04 1.29938560e-02 2.13743781e-03 2.04110354e+00 2.79978369e-02 1.23350706e+00 9.80959557e-03 1.64260618e-01 1.38911037e-02 1.65825777e-01 2.43381416e-01 1.17053473e+00 3.32622148e+00 1.84696270e-08 3.53780106e-06 2.72716698e-04 4.95773671e-05 4.80383109e+01 2.29488983e-08 3.66002210e-07 3.31481988e-09 3.63161815e-05 7.13342564e-05 4.63071089e-07 3.44220687e-06 2.02767421e-08 3.92589880e-06 5.30880136e-03 1.31089528e-05 1.37389442e-01 1.33804930e-08
gen1390perm56 0.4533184788880088 3.36232662e-02 4.14637071e-02 1.43421102e-01 4.42723021e+01 7.81446264e+01 1.23624799e-03 5.46753903e-04 1.03875231e-02 1.83657122e-03 2.26198012e+00 2.76086887e-02 1.23350706e+00 1.06228529e-02 1.68461379e-01 1.34929133e-02 1.45605816e-01 2.43381416e-01 1.28018907e+00 3.59032292e+00 1.94296051e-08 3.56719057e-06 2.79697173e-04 5.00994199e-05 5.15912206e+01 1.93667097e-08 4.46575736e-07 3.58870169e-09 4.21547965e-05 6.77807856e-05 4.01878990e-07 3.47221145e-06 2.43426729e-08 3.96340887e-06 4.82068798e-03 1.23438296e-05 1.50782005e-01 2.11940515e-08
gen1390perm26 0.4544938000518453 3.42932840e-02 4.21626482e-02 1.06107622e-01 4.38918266e+01 7.10238640e+01 1.27010546e-03 5.26572328e-04 1.13360780e-02 1.97605723e-03 2.04110354e+00 2.59844089e-02 1.21616085e+00 1.07988465e-02 1.53178215e-01 1.34929133e-02 1.78803267e-01 2.34748718e-01 1.04743696e+00 3.44413496e+00 2.23423039e-08 3.19387040e-06 3.17531785e-04 4.89370133e-05 4.75866396e+01 2.17614143e-08 4.41681197e-07 3.12455197e-09 3.92415582e-05 7.34548396e-05 4.53994242e-07 3.43720466e-06 2.36043123e-08 3.80370842e-06 5.19883986e-03 1.21685408e-05 1.50782005e-01 1.87448860e-08
gen1390perm69 0.4567056598417280 3.42932840e-02 4.16430566e-02 1.34946186e-01 4.42723021e+01 7.45111333e+01 1.23624799e-03 5.32358522e-04 1.58022504e-02 2.36288647e-03 2.26198012e+00 2.70310432e-02 1.27419293e+00 1.02465863e-02 1.53178215e-01 1.34929133e-02 1.63728430e-01 2.43381416e-01 1.06389667e+00 3.43044384e+00 2.06272838e-08 3.44069917e-06 2.94804620e-04 5.00994199e-05 5.15912206e+01 2.17614143e-08 4.32234220e-07 3.28419202e-09 3.83171285e-05 7.13342564e-05 4.49703222e-07 3.77073794e-06 2.05402203e-08 3.96340887e-06 4.09932960e-03 1.33722083e-05 1.50782005e-01 1.60536140e-08
gen1390perm20 0.4736651339367996 3.42932840e-02 4.21626482e-02 1.35689769e-01 4.45285434e+01 7.10238640e+01 1.24990415e-03 4.59392610e-04 1.14973812e-02 2.13743781e-03 2.04110354e+00 2.47213761e-02 1.23350706e+00 1.02074125e-02 1.50838681e-01 1.29847956e-02 1.39782876e-01 2.37028452e-01 1.25990251e+00 3.90240900e+00 1.90772325e-08 3.34154490e-06 2.94804620e-04 4.95773671e-05 5.07182848e+01 2.02328026e-08 3.95873722e-07 3.65672550e-09 4.22229723e-05 7.16468775e-05 4.08929964e-07 3.58262279e-06 2.21590407e-08 3.88678593e-06 4.50179435e-03 1.29327910e-05 1.47948115e-01 2.15681711e-08
gen1390perm133 0.4967813756201395 3.66105441e-02 4.14637071e-02 1.13336136e-01 4.42723021e+01 8.09756250e+01 1.24709344e-03 5.46753903e-04 1.29938560e-02 1.90354255e-03 2.17426867e+00 2.69919854e-02 1.23350706e+00 1.02074125e-02 1.53178215e-01 1.45271251e-02 1.51854957e-01 2.43381416e-01 1.09442760e+00 3.32622148e+00 2.02677296e-08 3.53780106e-06 2.92394484e-04 4.95773671e-05 5.19813058e+01 1.93667097e-08 4.41681197e-07 3.31481988e-09 4.44983920e-05 7.09853455e-05 4.01878990e-07 3.44220687e-06 2.23206734e-08 3.80370842e-06 5.21589042e-03 1.34089350e-05 1.59310844e-01 1.77932015e-08
gen1390perm61 0.4987481129623444 3.42932840e-02 4.23029653e-02 1.34795029e-01 4.86990615e+01 7.32866762e+01 1.26144030e-03 4.43001256e-04 1.29938560e-02 2.43839551e-03 2.04110354e+00 2.77295135e-02 1.23350706e+00 1.02639560e-02 1.53178215e-01 1.34929133e-02 1.51854957e-01 2.43381416e-01 1.03960208e+00 3.43092810e+00 1.84696270e-08 3.42108755e-06 2.94804620e-04 5.29785453e-05 5.15336336e+01 2.17614143e-08 4.00808543e-07 3.28419202e-09 4.46150177e-05 7.69704392e-05 4.54119449e-07 3.44220687e-06 2.58351798e-08 4.06548162e-06 4.97312164e-03 1.37392997e-05 1.51225358e-01 1.57360334e-08
gen1390perm77 0.5305385189274237 3.46384464e-02 4.21626482e-02 1.34946186e-01 4.30960795e+01 8.58710940e+01 1.14493471e-03 5.46753903e-04 1.14910744e-02 1.97605723e-03 2.04110354e+00 2.69919854e-02 1.18085181e+00 1.18737294e-02 1.53178215e-01 1.47634618e-02 1.78803267e-01 2.43381416e-01 1.15625123e+00 3.80464820e+00 2.23423039e-08 3.42108755e-06 3.20949699e-04 4.89370133e-05 4.66354353e+01 2.17614143e-08 4.80168529e-07 2.89210556e-09 4.10403467e-05 6.40434913e-05 4.30344669e-07 3.44220687e-06 2.43426729e-08 4.00666182e-06 5.19883986e-03 1.32420314e-05 1.50782005e-01 1.97130113e-08
gen1390perm115 0.5940557758961300 3.66105441e-02 3.98927429e-02 1.30325278e-01 4.76226192e+01 7.75502231e+01 1.24709344e-03 5.78158577e-04 1.26481019e-02 1.76451110e-03 2.33122490e+00 2.69919854e-02 1.23350706e+00 1.02074125e-02 1.53178215e-01 1.46867769e-02 1.78803267e-01 2.43381416e-01 1.07645863e+00 3.92395994e+00 2.07123123e-08 3.42108755e-06 2.90631675e-04 4.80126398e-05 5.04560283e+01 2.57684076e-08 4.66693292e-07 2.89210556e-09 4.21547965e-05 6.40434913e-05 4.74978130e-07 3.10310472e-06 2.43426729e-08 3.92589880e-06 4.14880482e-03 1.35849074e-05 1.56125516e-01 1.43439587e-08
gen1390perm33 0.6588759815326628 3.42932840e-02 4.13060297e-02 1.23993610e-01 4.42723021e+01 8.00454966e+01 1.28409070e-03 5.25020873e-04 1.28763030e-02 2.36288647e-03 2.04110354e+00 2.79978369e-02 1.38065459e+00 9.23505222e-03 1.64041662e-01 1.45271251e-02 1.51854957e-01 2.53124475e-01 1.20961012e+00 4.03134490e+00 1.84696270e-08 3.30948817e-06 3.39269086e-04 4.95773671e-05 5.73779737e+01 2.19432473e-08 4.30096107e-07 3.33341506e-09 4.57910887e-05 7.15018052e-05 4.54425765e-07 2.90524539e-06 2.19823069e-08 3.96340887e-06 4.52098035e-03 1.31089528e-05 1.51225358e-01 2.15681711e-08
