#	Simulation	Obj	a__FREE	d1__FREE	d2__FREE	p2R1__FREE	p2R2__FREE	p3R1__FREE	p3R2__FREE	pscaff__FREE	u2R1__FREE	u2R2__FREE	u3R1__FREE	u3R2__FREE	u__FREE
	iter28p2h5	0.021507954120507208	4.819401735636963e-06	0.10996838248823647	46.787973489966156	4.6975285002174696e-05	1.160964032940475e-05	1.8393238336485607e-06	2.1067234405257644e-06	213.45389338335534	0.6207929488855197	0.017574641098547582	0.031957568446767	0.043876253192519636	0.14138653509757165
	iter28p1h6	0.02293864906853059	5.175208446938411e-06	0.12410552395653174	70.41395276725392	9.768037530073328e-05	1.8454291654948876e-05	1.693922150862339e-06	1.824624377528995e-05	180.82392347804614	0.25254369768405205	0.01114066426309499	0.024628172671318685	0.023881297961391955	0.14753627458239285
	iter27p1h7	0.023192771786282814	4.637211586002607e-06	0.10403679271809095	72.162544559114	6.321468448561666e-05	8.294605290529831e-06	3.112330081803962e-06	2.8933399782863758e-05	121.86736435139872	0.13031340927379695	0.09175082816962297	0.0353425705401792	0.016304820548686726	0.13984548827453347
	iter27p2h1	0.02405556025950258	5.2030801553667215e-06	0.12980503754518874	72.01618347513059	2.4742860032480854e-05	1.6697956440929297e-05	4.400370573277568e-06	1.5168515626099431e-05	159.60845130618938	0.27659327829274893	0.07876728587520411	0.02473842967157257	0.016092669752567724	0.14853791077116618
	iter28p1h3	0.02492706316233342	5.278068494737565e-06	0.12515062723813103	72.96427524521708	3.558315042054602e-05	2.840331847542231e-05	4.327561940504917e-06	9.722488876461798e-05	142.42556634688674	0.3897464867784471	0.07810947289730306	0.024749743994245333	0.017959322753934692	0.149324008347996
	iter26p0h2	0.02547525379615775	5.195731488192879e-06	0.12134920118220727	50.566117125640424	5.973234067727984e-05	1.15220462779807e-05	4.368386023430892e-06	4.030851751431109e-06	160.56570912632452	0.2135963734516132	0.06695380731690578	0.03165177853191286	0.027781254330468474	0.1466145131877382
	iter26p0h6	0.025528421432782892	5.216723548034443e-06	0.12396931405401379	53.139417490738495	3.62686140699963e-05	2.955023160343961e-05	2.5478274064112015e-06	3.750558305171701e-06	145.5532746583105	0.24781158032120623	0.040853762804885625	0.05926684352667215	0.015315721641723566	0.14510400669785042
	iter26p0h1	0.025694706369108717	5.4731410299393585e-06	0.1282187015882139	67.62141633749006	7.069042277214335e-05	1.4855064225740761e-05	3.959744318078838e-06	6.94362654131082e-06	142.36112464769997	0.22192348513995858	0.05674811791552745	0.027126596538973834	0.023171604436191155	0.15005273967724986
	iter28p6h1	0.026449660388176838	5.15135219008568e-06	0.13255154087112045	69.8269208761707	1.6416120695539937e-05	1.7577887374248617e-05	3.782618955595001e-05	3.3298342836548334e-05	164.77571745492025	0.27055143017078653	0.6837662038704597	0.027928848658142953	0.04551327535433015	0.1480571462802158
	iter26p8h2	0.02667849987270087	4.734388102761245e-06	0.11683931587313738	71.53292640739252	2.3245720810359563e-05	8.791593441240165e-06	5.133146813061293e-06	2.2573542827313115e-06	124.31947382292873	0.2272829265076253	0.09571724621159655	0.03105607616412549	0.027776858033960326	0.14159171016872693
	iter28p3h7	0.026872209581356606	5.330357190594603e-06	0.13500383446665457	89.31489317760227	9.846127373691879e-06	7.579446203618651e-06	5.147908135034924e-06	1.3753083203786598e-06	138.52651905298094	0.047623049348146713	0.14411739647182717	0.021310369681837114	0.027849322094224718	0.15074004382013734
	iter25p0h4	0.027075885716421506	5.410148760416563e-06	0.12756333265734746	61.99998307874677	7.106978647502323e-05	1.6988403872199807e-05	3.951402988687438e-06	1.1989413811826695e-05	142.09391473140803	0.22329126319830234	0.06509647404110185	0.037416676194742635	0.022989202949084853	0.15021903537059791
	iter28p5h0	0.027274201819974954	5.1743792472609215e-06	0.11931133147101126	73.39315699935088	1.9266254753697214e-05	1.193577250655178e-05	7.138260509812654e-06	2.7717635879834755e-05	120.63931537657876	0.1713917473777503	0.4056839001837077	0.03617766715617869	0.027213400602465417	0.14775239198327145
	iter28p3h6	0.027294084460514175	5.565414640715996e-06	0.13521580745668	74.77371315406037	2.593464112441136e-05	5.431670619665604e-06	4.630058278712528e-06	5.551520730682516e-06	119.53328379689775	0.07183304391768666	0.2300107940360141	0.02284982545816884	0.026609771803745873	0.1511889491200055
	iter28p4h6	0.027411378157707045	5.508925270358102e-06	0.13584578411075152	73.27292180072189	5.365457576397415e-05	7.332572407886285e-06	2.672684218620584e-06	1.582875459934518e-05	141.44678830951335	0.253259081877875	0.011848289021287551	0.025213190075520163	0.02039695239461598	0.1523976099763579
	iter28p6h3	0.027697359303760792	5.550293706416317e-06	0.13489800974987995	76.28752058133969	6.34968101254891e-06	1.65644958720278e-05	1.8383892639137415e-05	4.115337463613852e-06	119.87294919167672	0.11289275730888203	0.1027557014038408	0.023856886147644377	0.199353069949013	0.15215373348251343
	iter25p6h0	0.028003171441924792	5.549126435737494e-06	0.13496944799368807	75.10519757647863	3.109152254373854e-05	1.424872505530014e-05	3.961196602816607e-06	2.0792215579611373e-05	142.48182349975286	0.25824062358283817	0.08332129320842101	0.02526039734994618	0.019946385113258587	0.15154823995743355
	iter28p4h5	0.028260051376984976	5.438183382467633e-06	0.13964435442169915	74.89444142387529	9.10190493046532e-06	8.045160147259203e-06	4.140589776125235e-06	1.0706214400710361e-05	138.39840777089583	0.25963120378672033	0.0371383453321352	0.024521532362748927	0.027056538718993745	0.15143251389467263
	iter27p1h3	0.028386353544630875	4.969133134226109e-06	0.12021322997301365	73.01733216737462	3.178176848941861e-05	8.482198093544572e-06	4.823973523751096e-06	3.2429524714047693e-06	123.18241679590231	0.205116364162019	0.06459068186827893	0.03263327055343139	0.02383604906658568	0.14218496436194367
	iter28p6h5	0.028445297570234965	5.4799474942966e-06	0.1360824582538763	75.10619147571119	7.834966766583829e-06	1.4550436291857232e-05	1.3016325466102825e-05	4.0945248293035846e-05	135.31662919723306	0.1381663002518117	0.7526193036019091	0.023106136318430098	0.0734390496092145	0.15039466792305428
