Permutation Chi-Sq km10__FREE km11__FREE km12__FREE km13__FREE km14__FREE km15__FREE km16__FREE km17__FREE km18__FREE km19__FREE km1__FREE km20__FREE km21__FREE km22__FREE km23__FREE km24__FREE km2__FREE km3__FREE km9__FREE kp10__FREE kp11__FREE kp12__FREE kp13__FREE kp14__FREE kp15__FREE kp17__FREE kp18__FREE kp19__FREE kp1__FREE kp20__FREE kp21__FREE kp22__FREE kp23__FREE kp24__FREE kp2__FREE kp3__FREE kp9__FREE
gen1754perm118 1.0573039550804424 9.14932771e-02 2.37842472e-02 8.66787860e-02 1.98170439e+00 1.80809821e-02 4.25109671e-03 2.04797405e+00 1.27124249e-02 6.80370776e-01 1.65329479e-01 7.97465587e+00 5.31339486e+00 7.75749812e-02 8.62600187e-02 7.66507680e+00 1.95918443e-01 4.60647513e-02 4.99486261e+00 6.87443019e+01 2.24962175e-07 1.34539790e-05 2.39790875e-08 3.29032524e-06 2.60230208e-03 3.13076658e-07 3.90987073e-06 2.89683415e-08 5.71235833e-05 1.18643294e-05 2.33628889e-05 1.48689727e-06 4.92504393e-06 1.65522464e-07 8.77126948e-08 6.73733914e-06 5.92576682e-01 6.92575942e-06
gen1754perm23 1.0573064629586320 9.14932771e-02 2.40567496e-02 8.66787860e-02 1.98170439e+00 1.82481803e-02 3.63350977e-03 2.04797405e+00 1.04386311e-02 6.69911869e-01 1.74537055e-01 7.97465587e+00 4.95776859e+00 7.83824815e-02 1.16786227e-01 7.66507680e+00 1.98110093e-01 4.60647513e-02 4.99486261e+00 6.46496314e+01 2.18077068e-07 1.34539790e-05 2.39790875e-08 3.29032524e-06 2.60230208e-03 3.13076658e-07 3.90271245e-06 2.83280399e-08 6.08960314e-05 1.18643294e-05 2.23804057e-05 1.27722267e-06 4.92504393e-06 1.65522464e-07 8.77126948e-08 6.73733914e-06 5.92576682e-01 6.92575942e-06
gen1754perm36 1.0573078356390011 9.14932771e-02 2.39380208e-02 8.66787860e-02 1.98170439e+00 1.76312143e-02 3.97064571e-03 2.04797405e+00 1.03444230e-02 6.22576534e-01 1.65652391e-01 7.97465587e+00 6.18889040e+00 6.86314556e-02 1.16786227e-01 7.68782220e+00 2.11369106e-01 4.60647513e-02 4.99486261e+00 6.46496314e+01 2.12274248e-07 1.34539790e-05 2.39790875e-08 3.29032524e-06 2.64594082e-03 3.26218788e-07 3.76546889e-06 2.35730692e-08 5.99461840e-05 1.18643294e-05 2.65246507e-05 1.22140733e-06 4.92504393e-06 1.73296336e-07 1.01502017e-07 6.73733914e-06 5.92576682e-01 6.71702216e-06
gen1754perm112 1.0573097995908254 9.14932771e-02 2.47890251e-02 8.62088769e-02 1.98170439e+00 1.82481803e-02 3.63350977e-03 1.82971647e+00 1.04386311e-02 7.34798936e-01 1.65652391e-01 7.97465587e+00 4.56173739e+00 9.01467845e-02 1.09536764e-01 6.07937152e+00 1.93797260e-01 4.60647513e-02 4.99486261e+00 6.69340725e+01 2.18077068e-07 1.34539790e-05 2.39790875e-08 3.27971601e-06 2.64594082e-03 3.13076658e-07 3.58044478e-06 2.69785032e-08 5.94359683e-05 1.18643294e-05 2.23804057e-05 1.27722267e-06 5.24011088e-06 1.76390634e-07 8.74658656e-08 6.73733914e-06 5.92576682e-01 7.34180602e-06
gen1754perm129 1.0573125953057838 9.14932771e-02 2.42374146e-02 8.66787860e-02 1.98170439e+00 2.13678740e-02 3.63350977e-03 2.04797405e+00 1.42948768e-02 7.26148124e-01 1.57463861e-01 7.94659602e+00 5.55179413e+00 8.13717644e-02 1.11029389e-01 6.27695223e+00 1.95918443e-01 4.55838816e-02 4.99486261e+00 6.46496314e+01 2.18077068e-07 1.34539790e-05 2.39790875e-08 3.29032524e-06 2.60230208e-03 3.08114231e-07 3.78663316e-06 2.98585753e-08 6.20289757e-05 1.18643294e-05 2.48548109e-05 1.13596361e-06 5.34755673e-06 1.65522464e-07 9.53616722e-08 6.67483705e-06 5.92576682e-01 7.34180602e-06
gen1754perm84 1.0573157583610313 9.14932771e-02 2.42374146e-02 8.66787860e-02 1.98170439e+00 2.08789221e-02 3.98499113e-03 2.04797405e+00 1.33398277e-02 7.26148124e-01 1.65652391e-01 7.94659602e+00 4.91248751e+00 7.75749812e-02 1.16786227e-01 6.81489391e+00 1.95918443e-01 4.60647513e-02 4.99486261e+00 6.48704794e+01 2.46248137e-07 1.34539790e-05 2.39790875e-08 3.29032524e-06 2.60230208e-03 3.08114231e-07 4.09152699e-06 2.94104549e-08 5.22771240e-05 1.18643294e-05 2.51304703e-05 1.40342830e-06 4.92504393e-06 1.70062153e-07 9.51591854e-08 6.73733914e-06 5.92576682e-01 6.51497461e-06
gen1754perm24 1.0573387127740435 9.14932771e-02 2.35885194e-02 8.66787860e-02 1.98170439e+00 1.82481803e-02 5.37999473e-03 2.14782172e+00 1.27124249e-02 6.02577845e-01 1.91615150e-01 7.97465587e+00 4.48761607e+00 7.75749812e-02 9.27576777e-02 6.07937152e+00 1.93797260e-01 4.60647513e-02 4.99486261e+00 6.89994571e+01 2.18077068e-07 1.34539790e-05 2.39790875e-08 3.29032524e-06 2.64594082e-03 3.90277917e-07 4.07689555e-06 2.89683415e-08 5.92459712e-05 1.18643294e-05 2.44220017e-05 1.71857611e-06 4.92504393e-06 1.73296336e-07 9.53616722e-08 6.73733914e-06 5.92576682e-01 6.92575942e-06
gen1754perm117 1.0574120873618946 9.14932771e-02 2.41823437e-02 8.66787860e-02 1.98170439e+00 2.00401633e-02 5.06241925e-03 2.41514739e+00 1.21576328e-02 7.29980263e-01 1.60981459e-01 7.97465587e+00 4.95776859e+00 7.75749812e-02 1.16786227e-01 6.88643329e+00 1.98110093e-01 4.60647513e-02 4.99486261e+00 6.33348239e+01 2.18077068e-07 1.34539790e-05 2.39790875e-08 3.35485873e-06 2.60230208e-03 3.12079434e-07 4.07689555e-06 2.89683415e-08 5.62435514e-05 1.18643294e-05 3.20341053e-05 1.65435321e-06 5.41312259e-06 1.65522464e-07 8.74658656e-08 6.73733914e-06 5.92576682e-01 7.45160834e-06
gen1754perm81 1.0574253906708346 9.14932771e-02 2.42374146e-02 8.62088769e-02 1.98170439e+00 1.75089789e-02 4.66742167e-03 2.04797405e+00 1.01212891e-02 7.26148124e-01 1.51518199e-01 7.79692475e+00 6.13017942e+00 9.01467845e-02 9.43581859e-02 7.81952343e+00 1.95470820e-01 4.60647513e-02 4.99486261e+00 6.63154474e+01 2.37990310e-07 1.34149367e-05 2.39790875e-08 3.29032524e-06 2.64594082e-03 3.08114231e-07 3.78663316e-06 2.90703810e-08 5.65030658e-05 1.18643294e-05 3.29070637e-05 1.20341408e-06 4.51844573e-06 1.52232208e-07 6.06481345e-08 6.73733914e-06 5.92576682e-01 6.92575942e-06
gen1754perm47 1.0574402344701945 9.14932771e-02 2.40567496e-02 8.62088769e-02 1.98170439e+00 2.10216035e-02 3.63350977e-03 2.04797405e+00 1.04386311e-02 7.34798936e-01 1.59849309e-01 7.97465587e+00 4.56173739e+00 7.75749812e-02 1.16786227e-01 7.54516279e+00 1.80431147e-01 4.60647513e-02 4.99486261e+00 6.89994571e+01 2.11094606e-07 1.36106125e-05 2.36239703e-08 3.27971601e-06 2.64594082e-03 3.10790196e-07 4.07689555e-06 2.72634124e-08 5.92459712e-05 1.18643294e-05 2.23804057e-05 1.31585135e-06 5.30566680e-06 1.76390634e-07 8.74658656e-08 6.73733914e-06 5.92576682e-01 7.34730080e-06
gen1754perm70 1.0574806695689529 9.14932771e-02 2.30654936e-02 8.66787860e-02 1.98170439e+00 2.30285700e-02 4.78913309e-03 2.04797405e+00 1.43753000e-02 6.57218354e-01 1.63964887e-01 8.26526967e+00 4.95776859e+00 7.75749812e-02 7.60219481e-02 7.54516279e+00 1.95918443e-01 4.60647513e-02 4.99486261e+00 6.70107937e+01 2.48414646e-07 1.34539790e-05 2.39790875e-08 3.34485221e-06 2.45609778e-03 3.08571386e-07 4.12728211e-06 2.29688820e-08 5.39261371e-05 1.18643294e-05 3.14565196e-05 1.71857611e-06 5.03574800e-06 1.65522464e-07 9.07652676e-08 6.73733914e-06 5.92576682e-01 6.92575942e-06
gen1754perm21 1.0574822703452820 9.14932771e-02 2.56114569e-02 8.66787860e-02 1.98170439e+00 1.76312143e-02 4.14125085e-03 1.99473729e+00 1.43483960e-02 6.36427259e-01 1.65652391e-01 7.97465587e+00 5.32297660e+00 8.15738409e-02 8.23237359e-02 7.54516279e+00 1.95918443e-01 4.60647513e-02 4.99486261e+00 7.06857884e+01 2.11498451e-07 1.34539790e-05 2.39790875e-08 3.29032524e-06 2.60230208e-03 3.12079434e-07 4.07689555e-06 2.37240668e-08 5.51356892e-05 1.18643294e-05 3.05655884e-05 1.20341408e-06 5.16696876e-06 1.52690303e-07 9.34212775e-08 6.73733914e-06 5.92576682e-01 7.34180167e-06
gen1754perm16 1.0575200573874057 9.14932771e-02 2.54007852e-02 8.66787860e-02 1.98170439e+00 1.84403425e-02 3.96174070e-03 2.04797405e+00 1.01212891e-02 6.84175137e-01 1.63368712e-01 7.94659602e+00 4.95776859e+00 7.83824815e-02 1.12070536e-01 7.54516279e+00 1.80276404e-01 4.60647513e-02 4.99486261e+00 6.78635199e+01 2.18077068e-07 1.34160343e-05 2.39790875e-08 3.29032524e-06 2.64594082e-03 3.08114231e-07 3.67645179e-06 2.83280399e-08 5.92459712e-05 1.15278376e-05 2.33628889e-05 1.24614450e-06 4.92504393e-06 1.73296336e-07 8.71412850e-08 6.82728697e-06 5.92576682e-01 6.92575942e-06
gen1754perm135 1.0575235161582204 9.14932771e-02 2.41823437e-02 8.66787860e-02 2.03164920e+00 1.57492898e-02 4.64779495e-03 2.14577339e+00 1.23980042e-02 6.84738126e-01 1.72584244e-01 7.97465587e+00 6.18889040e+00 8.79140875e-02 9.08292117e-02 8.15466242e+00 1.96643591e-01 4.60647513e-02 4.75132258e+00 6.46496314e+01 2.11498451e-07 1.34539790e-05 2.39790875e-08 3.29032524e-06 2.83180909e-03 3.37286283e-07 4.19433757e-06 2.89683415e-08 5.62435514e-05 1.18643294e-05 2.33628889e-05 1.48689727e-06 5.16696876e-06 1.52098655e-07 8.20329443e-08 6.73733914e-06 5.65748672e-01 6.92575942e-06
gen1754perm139 1.0575594452253025 9.14932771e-02 2.42374146e-02 8.66787860e-02 1.98170439e+00 1.82481803e-02 4.28009448e-03 2.04797405e+00 1.21576328e-02 6.80370776e-01 1.72829687e-01 7.94659602e+00 5.55179413e+00 8.36063912e-02 1.00369340e-01 7.15491913e+00 1.92858803e-01 4.60647513e-02 4.99486261e+00 6.46496314e+01 2.00737634e-07 1.34539790e-05 2.39790875e-08 3.19377277e-06 2.65875780e-03 3.12079434e-07 3.78663316e-06 2.89683415e-08 5.94359683e-05 1.18643294e-05 2.02861974e-05 1.70798871e-06 5.24042417e-06 1.39705735e-07 8.74658656e-08 6.73733914e-06 5.92576682e-01 7.03149004e-06
gen1754perm2 1.0575685825972541 9.14932771e-02 2.42374146e-02 8.61762597e-02 1.98170439e+00 1.77089623e-02 4.98384429e-03 2.04797405e+00 1.21576328e-02 7.38718951e-01 1.55352454e-01 7.97465587e+00 5.82623858e+00 7.75749812e-02 1.01175199e-01 8.13019073e+00 1.85152720e-01 4.60647513e-02 4.99486261e+00 6.63154474e+01 2.22653124e-07 1.34539790e-05 2.39790875e-08 3.29032524e-06 2.64594082e-03 3.08114231e-07 3.94442340e-06 2.81384058e-08 6.26378761e-05 1.08831032e-05 3.28952808e-05 1.41733685e-06 4.92504393e-06 1.65522464e-07 9.45738842e-08 7.01284637e-06 5.92576682e-01 7.34180602e-06
gen1754perm79 1.0576345486718293 9.14932771e-02 2.42374146e-02 8.66787860e-02 1.98170439e+00 2.13678740e-02 3.98499113e-03 1.97059283e+00 1.30527278e-02 7.14037267e-01 1.65652391e-01 7.94659602e+00 4.95776859e+00 7.75749812e-02 1.16786227e-01 7.54516279e+00 1.95918443e-01 4.76320736e-02 4.99486261e+00 6.90783179e+01 1.97847159e-07 1.34539790e-05 2.39790875e-08 3.29032524e-06 2.81381595e-03 3.12079434e-07 3.91768813e-06 2.63756457e-08 5.71235833e-05 1.18643294e-05 3.28788645e-05 1.16052816e-06 4.92504393e-06 1.72459368e-07 8.74658656e-08 6.73733914e-06 5.92576682e-01 6.74329703e-06
gen1754perm128 1.0576434255493479 9.14932771e-02 2.41823437e-02 8.66787860e-02 1.98170439e+00 1.82481803e-02 4.84052655e-03 2.04797405e+00 1.28955586e-02 7.31677803e-01 1.50758334e-01 7.64811273e+00 5.55179413e+00 7.75749812e-02 9.95805405e-02 7.81952343e+00 1.88156567e-01 4.60647513e-02 4.99486261e+00 6.46496314e+01 2.37012947e-07 1.34539790e-05 2.39790875e-08 3.29032524e-06 2.61351680e-03 3.35383480e-07 3.92940628e-06 2.22901138e-08 5.68746915e-05 1.18643294e-05 2.92267231e-05 1.20588234e-06 5.12061501e-06 1.76353472e-07 8.31806367e-08 6.73733914e-06 5.92576682e-01 6.50907629e-06
gen1754perm66 1.0576620662214666 9.14932771e-02 2.41823437e-02 8.66787860e-02 1.98170439e+00 1.76312143e-02 4.64779495e-03 2.22748859e+00 1.25187755e-02 6.80370776e-01 1.65652391e-01 7.97465587e+00 5.31099825e+00 7.47373301e-02 1.16786227e-01 6.99750828e+00 1.83923879e-01 4.41625745e-02 4.99486261e+00 6.55128985e+01 2.12133072e-07 1.34539790e-05 2.39790875e-08 3.29032524e-06 2.60230208e-03 2.84465990e-07 3.40746350e-06 2.83280399e-08 5.34573573e-05 1.17153988e-05 3.05655884e-05 1.87740758e-06 4.92504393e-06 1.56282392e-07 8.31806367e-08 6.73733914e-06 5.92576682e-01 7.50910591e-06
gen1754perm64 1.0577045445844948 9.14932771e-02 2.42374146e-02 8.66787860e-02 1.98170439e+00 1.80829701e-02 4.58968469e-03 2.04797405e+00 1.01212891e-02 7.29980263e-01 1.51518199e-01 7.97465587e+00 4.95776859e+00 8.07725310e-02 9.03231443e-02 7.81952343e+00 1.80276404e-01 4.60647513e-02 4.99486261e+00 6.87017055e+01 2.37929906e-07 1.34539790e-05 2.39790875e-08 3.29032524e-06 2.64219186e-03 3.12079434e-07 4.07689555e-06 3.03238532e-08 5.35044224e-05 1.24159713e-05 3.05661253e-05 1.20341408e-06 4.92504393e-06 1.73782004e-07 9.03495042e-08 6.73733914e-06 5.92576682e-01 6.92575942e-06
gen1754perm105 1.0577516971782459 9.07181755e-02 2.41823437e-02 8.66787860e-02 1.97449512e+00 1.82481803e-02 5.29797521e-03 2.04797405e+00 1.23318633e-02 7.26148124e-01 1.63399236e-01 7.97465587e+00 6.18889040e+00 1.01017152e-01 1.06897451e-01 7.68782220e+00 2.11369106e-01 4.60647513e-02 4.99486261e+00 6.24082208e+01 2.18077068e-07 1.34539790e-05 2.39790875e-08 3.29032524e-06 2.61351680e-03 3.12079434e-07 4.04144285e-06 2.83280399e-08 5.34573573e-05 1.18643294e-05 2.60193406e-05 1.59270328e-06 4.51211106e-06 1.65522464e-07 8.31806367e-08 6.73733914e-06 5.92576682e-01 6.92575942e-06
gen1754perm131 1.0577519226335599 9.14932771e-02 2.41823437e-02 8.62913659e-02 1.98170439e+00 2.24859503e-02 3.98499113e-03 1.85685636e+00 1.13899793e-02 6.98405300e-01 1.69893830e-01 8.64044349e+00 5.55179413e+00 8.18544201e-02 1.16786227e-01 6.27695223e+00 1.54998072e-01 4.60647513e-02 4.99486261e+00 6.46496314e+01 2.37012947e-07 1.34539790e-05 2.39790875e-08 3.43148639e-06 2.60230208e-03 2.90307399e-07 3.78663316e-06 2.83929446e-08 4.74340970e-05 1.21893667e-05 2.28590064e-05 1.48172227e-06 4.56106881e-06 1.65522464e-07 8.31806367e-08 6.73733914e-06 5.92576682e-01 6.92575942e-06
gen1754perm97 1.0577934356423246 9.14932771e-02 2.39380208e-02 8.66787860e-02 1.89950136e+00 1.75561902e-02 5.24820434e-03 1.92875737e+00 1.31531141e-02 7.26148124e-01 1.65652391e-01 7.97465587e+00 5.36097749e+00 8.56470401e-02 9.43581859e-02 7.68782220e+00 2.11369106e-01 4.64874880e-02 4.99486261e+00 6.68436064e+01 2.32483353e-07 1.34539790e-05 2.39790875e-08 3.29032524e-06 2.78261276e-03 3.26218788e-07 3.76546889e-06 2.83280399e-08 5.65030658e-05 1.18291570e-05 3.03010667e-05 1.20341408e-06 5.20996768e-06 1.73782004e-07 9.32029810e-08 6.73733914e-06 5.92576682e-01 6.92575942e-06
gen1754perm98 1.0578390197756193 9.14932771e-02 2.41823437e-02 8.66787860e-02 1.88466522e+00 1.93926137e-02 4.82071116e-03 2.04797405e+00 1.10781924e-02 7.26148124e-01 1.65652391e-01 7.94659602e+00 6.18889040e+00 8.56470401e-02 1.09536764e-01 7.54516279e+00 1.67412280e-01 4.60647513e-02 4.99486261e+00 6.29972292e+01 2.37929906e-07 1.34149367e-05 2.39790875e-08 3.29032524e-06 2.67766855e-03 3.21992232e-07 4.12728211e-06 3.07619164e-08 6.36982653e-05 1.09248479e-05 2.60193406e-05 1.20341408e-06 4.92504393e-06 1.60152052e-07 1.06535940e-07 7.06462104e-06 5.92576682e-01 6.92575942e-06
gen1754perm32 1.0578462261198367 9.14932771e-02 2.51254021e-02 8.66787860e-02 1.98170439e+00 1.82481803e-02 3.98499113e-03 2.04797405e+00 1.33398277e-02 6.80370776e-01 1.65652391e-01 7.97465587e+00 4.95776859e+00 7.07017958e-02 8.62600187e-02 8.06558296e+00 1.82532069e-01 4.60647513e-02 4.99486261e+00 6.17036306e+01 2.34055296e-07 1.34539790e-05 2.39790875e-08 3.43783195e-06 2.60230208e-03 3.12079434e-07 4.07689555e-06 2.83280399e-08 5.68271345e-05 1.18643294e-05 2.48548109e-05 1.16052816e-06 4.92504393e-06 1.68578307e-07 9.51591854e-08 6.73733914e-06 5.92576682e-01 6.92575942e-06
gen1754perm63 1.0579949746462511 9.14932771e-02 2.41823437e-02 8.66787860e-02 1.98170439e+00 1.98296889e-02 5.02787014e-03 2.46837272e+00 1.32414193e-02 7.75290272e-01 1.65652391e-01 7.94659602e+00 5.03118133e+00 7.75749812e-02 9.43581859e-02 7.54516279e+00 1.80276404e-01 4.62123911e-02 4.99486261e+00 6.47533701e+01 2.26163240e-07 1.37344688e-05 2.39790875e-08 3.21978840e-06 2.60230208e-03 3.09340321e-07 4.12728211e-06 2.31054319e-08 5.92459712e-05 1.22265477e-05 3.01428910e-05 1.16052816e-06 4.92504393e-06 1.63058130e-07 6.22714300e-08 6.73733914e-06 5.92576682e-01 8.32616665e-06
gen1754perm120 1.0580688830760441 9.14932771e-02 2.41823437e-02 8.66787860e-02 2.10309736e+00 1.82481803e-02 4.64779495e-03 2.04797405e+00 1.21576328e-02 7.26148124e-01 1.65652391e-01 7.97465587e+00 6.18889040e+00 1.01017152e-01 9.43581859e-02 7.89703810e+00 1.96643591e-01 4.40115650e-02 4.99486261e+00 6.03516536e+01 2.11502249e-07 1.34539790e-05 2.39790875e-08 3.29032524e-06 2.60230208e-03 2.90823347e-07 3.80814471e-06 2.89683415e-08 5.34573573e-05 1.18643294e-05 3.28952808e-05 1.71857611e-06 5.01148823e-06 1.65522464e-07 8.31806367e-08 6.73702851e-06 5.92576682e-01 6.99280559e-06
gen1754perm15 1.0581102999888541 9.14932771e-02 2.41823437e-02 8.66787860e-02 1.92083465e+00 1.85099709e-02 3.63350977e-03 2.04797405e+00 9.54720313e-03 6.69354146e-01 1.80361050e-01 7.97465587e+00 4.59235512e+00 7.75749812e-02 9.43581859e-02 6.09103384e+00 1.95918443e-01 4.60647513e-02 4.99486261e+00 6.75138654e+01 2.34055296e-07 1.34539790e-05 2.39790875e-08 3.29032524e-06 2.60230208e-03 3.30935300e-07 4.27193064e-06 2.83280399e-08 5.85294614e-05 1.22833584e-05 2.23804057e-05 1.27722267e-06 4.86876654e-06 1.73296336e-07 1.01502017e-07 6.73733914e-06 5.92576682e-01 6.70904919e-06
gen1754perm3 1.0581393712934735 9.14932771e-02 2.43408161e-02 8.66787860e-02 2.03800610e+00 1.77464733e-02 5.45821291e-03 1.90468716e+00 1.33398277e-02 6.59130646e-01 1.72180707e-01 7.97465587e+00 5.50211382e+00 8.74482561e-02 1.16786227e-01 6.97231900e+00 1.95918443e-01 4.60647513e-02 4.99879791e+00 6.20800696e+01 2.22653124e-07 1.37316558e-05 2.39790875e-08 3.29032524e-06 2.62322065e-03 2.75172916e-07 3.78663316e-06 2.90163310e-08 5.67224868e-05 1.14547621e-05 3.14565196e-05 1.20341408e-06 5.12195430e-06 1.44945280e-07 9.37948685e-08 6.73733914e-06 5.92576682e-01 7.20480769e-06
gen1754perm140 1.0581708290884064 9.14932771e-02 2.42374146e-02 8.66787860e-02 1.98170439e+00 2.24859503e-02 3.63350977e-03 2.23418357e+00 1.33398277e-02 8.05827584e-01 1.79523802e-01 7.97465587e+00 4.95776859e+00 7.75749812e-02 1.16786227e-01 7.57668679e+00 2.11369106e-01 4.83797849e-02 4.99486261e+00 7.07434424e+01 2.34055296e-07 1.34539790e-05 2.39790875e-08 3.29032524e-06 2.60502660e-03 2.99476304e-07 3.78663316e-06 2.90163310e-08 5.23232367e-05 1.18643294e-05 2.34708105e-05 1.53609862e-06 5.97698615e-06 1.52232208e-07 6.28350972e-08 6.73733914e-06 5.92576682e-01 6.92575942e-06
gen1754perm13 1.0582763235362072 9.14932771e-02 2.42374146e-02 8.66787860e-02 1.98170439e+00 1.79403982e-02 3.98499113e-03 2.04797405e+00 1.33398277e-02 7.47199415e-01 1.72200460e-01 7.94659602e+00 5.18825338e+00 7.75749812e-02 1.16786227e-01 6.18686921e+00 1.95918443e-01 4.60647513e-02 4.99486261e+00 6.77229492e+01 2.19884137e-07 1.40939405e-05 2.39790875e-08 3.29032524e-06 2.60230208e-03 3.22333818e-07 3.35922545e-06 2.82357776e-08 6.26564019e-05 1.18643294e-05 3.14565196e-05 1.16052816e-06 4.92504393e-06 1.72459368e-07 1.01076831e-07 6.73733914e-06 5.92576682e-01 6.92575942e-06
gen1754perm124 1.0583368404182707 9.14932771e-02 2.42374146e-02 8.66787860e-02 1.97449512e+00 1.76312143e-02 4.23427246e-03 2.04797405e+00 1.21576328e-02 7.26148124e-01 1.65652391e-01 7.97465587e+00 5.18825338e+00 7.75749812e-02 1.16786227e-01 6.17038115e+00 1.95918443e-01 4.60647513e-02 4.99486261e+00 6.46496314e+01 2.32483353e-07 1.33959408e-05 2.39790875e-08 3.08647840e-06 2.82583785e-03 3.26218788e-07 3.76546889e-06 2.83280399e-08 6.36982653e-05 1.18643294e-05 2.33628889e-05 1.10211801e-06 4.50179610e-06 1.62829738e-07 8.74658656e-08 6.73733914e-06 5.92576682e-01 6.92575942e-06
gen1754perm130 1.0583369116829651 9.14932771e-02 2.20676029e-02 8.62088769e-02 1.98170439e+00 2.24859503e-02 3.73588087e-03 2.01438258e+00 1.27109666e-02 7.14037267e-01 1.79523802e-01 7.97465587e+00 5.46136472e+00 8.27540974e-02 1.08455709e-01 7.54516279e+00 1.84018965e-01 4.60647513e-02 4.94334327e+00 6.63154474e+01 1.98333299e-07 1.34539790e-05 2.39790875e-08 3.29032524e-06 2.64594082e-03 3.10790196e-07 3.84273225e-06 2.83280399e-08 5.85294614e-05 1.18643294e-05 3.28788645e-05 1.48172227e-06 5.97698615e-06 1.56037211e-07 9.23820348e-08 6.62828595e-06 5.92576682e-01 6.66323375e-06
gen1754perm77 1.0584446670619392 9.14932771e-02 2.42374146e-02 8.66787860e-02 1.98170439e+00 2.24859503e-02 3.98499113e-03 2.04797405e+00 1.45819043e-02 6.80370776e-01 1.65652391e-01 7.94659602e+00 4.95776859e+00 7.75749812e-02 8.88408897e-02 7.14088503e+00 1.95918443e-01 4.60647513e-02 4.99486261e+00 6.46496314e+01 2.34055296e-07 1.34539790e-05 2.39790875e-08 3.29032524e-06 2.54795501e-03 3.02974435e-07 4.00307802e-06 2.83280399e-08 5.65467806e-05 1.10490839e-05 2.48548109e-05 1.16052816e-06 5.97698615e-06 1.65522464e-07 6.28350972e-08 6.73733914e-06 5.92576682e-01 6.88998340e-06
gen1754perm89 1.0584481393050991 9.14932771e-02 2.41823437e-02 8.66787860e-02 1.98170439e+00 1.98599938e-02 4.26078964e-03 2.31055905e+00 1.21576328e-02 8.05827584e-01 1.79523802e-01 7.97465587e+00 5.49937376e+00 1.01017152e-01 1.07514951e-01 8.09378505e+00 2.43183960e-01 4.60739769e-02 4.99486261e+00 6.46496314e+01 2.24080759e-07 1.34539790e-05 2.39790875e-08 3.13241385e-06 2.61351680e-03 3.12079434e-07 3.73694979e-06 2.78661165e-08 5.71235833e-05 1.18643294e-05 2.23757734e-05 1.64178440e-06 4.98875622e-06 1.31471509e-07 8.31806367e-08 6.73733914e-06 5.90546421e-01 6.92575942e-06
gen1754perm126 1.0584961884292594 9.14932771e-02 2.42374146e-02 8.66787860e-02 1.98170439e+00 1.97195522e-02 5.30561628e-03 2.04797405e+00 1.42504190e-02 7.34798936e-01 1.49918769e-01 7.97465587e+00 4.61361115e+00 7.75749812e-02 7.83875386e-02 7.54516279e+00 1.95918443e-01 4.60647513e-02 4.99486261e+00 6.72812684e+01 2.21695142e-07 1.41178235e-05 2.39790875e-08 3.24949968e-06 2.58265303e-03 3.21992232e-07 3.98716387e-06 2.69785032e-08 5.39261371e-05 1.18247293e-05 2.27599723e-05 1.87740758e-06 4.92504393e-06 1.38721932e-07 8.71412850e-08 6.73733914e-06 5.92576682e-01 6.92575942e-06
gen1754perm57 1.0585109952504239 9.14932771e-02 2.41823437e-02 8.66787860e-02 1.98170439e+00 1.54491678e-02 5.06241925e-03 2.04797405e+00 1.27124249e-02 7.43862750e-01 1.52204750e-01 7.97465587e+00 5.55179413e+00 7.47373301e-02 8.88408897e-02 7.66507680e+00 2.16134046e-01 4.89770344e-02 4.99486261e+00 6.54588447e+01 2.22653124e-07 1.34539790e-05 2.39790875e-08 3.29032524e-06 2.60230208e-03 3.13076658e-07 4.05114527e-06 2.89683415e-08 5.71235833e-05 1.18643294e-05 2.33628889e-05 1.71857611e-06 4.92504393e-06 1.65522464e-07 8.31806367e-08 6.73733914e-06 5.92576682e-01 6.92575942e-06
gen1754perm59 1.0585841770583664 9.14932771e-02 2.40567496e-02 8.66787860e-02 1.98170439e+00 1.82481803e-02 3.83721739e-03 1.97280043e+00 1.04386311e-02 6.80370776e-01 1.86079154e-01 7.94659602e+00 4.95776859e+00 7.75749812e-02 9.73113040e-02 7.14088503e+00 1.95918443e-01 4.60647513e-02 4.99486261e+00 6.75929000e+01 2.16254549e-07 1.34539790e-05 2.39790875e-08 3.29032524e-06 2.60230208e-03 3.64542268e-07 3.78663316e-06 2.29688820e-08 5.41520946e-05 1.18643294e-05 3.14565196e-05 1.71857611e-06 4.92504393e-06 1.73296336e-07 9.53616722e-08 7.13654326e-06 5.92576682e-01 6.92575942e-06
gen1754perm95 1.0587139513160668 9.14932771e-02 2.42374146e-02 8.66787860e-02 2.02986153e+00 1.98167528e-02 4.59100916e-03 1.97410421e+00 1.40588106e-02 7.69593565e-01 1.83946405e-01 7.97465587e+00 4.88264019e+00 7.75749812e-02 1.16786227e-01 7.57668679e+00 1.95918443e-01 4.60647513e-02 4.99486261e+00 6.46496314e+01 2.12128192e-07 1.32323344e-05 2.39790875e-08 3.61205068e-06 2.60230208e-03 3.12079434e-07 3.91768813e-06 2.89683415e-08 5.71235833e-05 1.18643294e-05 3.28788645e-05 1.56465400e-06 4.83837719e-06 1.60964142e-07 8.04377795e-08 6.73733914e-06 5.92576682e-01 7.07849434e-06
gen1754perm72 1.0587342716270289 9.08956381e-02 2.42374146e-02 8.66787860e-02 1.98170439e+00 1.82481803e-02 4.22204687e-03 1.88571581e+00 1.25187755e-02 6.97322527e-01 1.65652391e-01 7.61417915e+00 4.71423806e+00 1.01017152e-01 9.43581859e-02 7.57668679e+00 1.96643591e-01 4.60647513e-02 4.99486261e+00 6.46496314e+01 2.22653124e-07 1.34539790e-05 2.39790875e-08 3.29032524e-06 2.42998904e-03 3.22333818e-07 3.35922545e-06 2.89683415e-08 5.34573573e-05 1.18643294e-05 3.36114733e-05 1.15327852e-06 5.14670468e-06 1.56661846e-07 8.31806367e-08 6.88380772e-06 5.92576682e-01 6.99280559e-06
gen1754perm29 1.0587904418719987 9.14932771e-02 2.43337863e-02 8.66787860e-02 2.13115996e+00 1.90645029e-02 3.98499113e-03 2.23956604e+00 1.04386311e-02 6.11590067e-01 1.86079154e-01 7.97465587e+00 4.95776859e+00 6.86314556e-02 1.16786227e-01 4.57369667e+00 1.80538589e-01 4.60647513e-02 4.99486261e+00 6.46496314e+01 2.28926423e-07 1.35763081e-05 2.39790875e-08 3.29032524e-06 2.60230208e-03 3.08114231e-07 3.90271245e-06 2.89683415e-08 5.85294614e-05 1.18643294e-05 2.44557205e-05 1.71857611e-06 5.32233012e-06 1.48466969e-07 1.01502017e-07 6.73733914e-06 5.92576682e-01 7.61161303e-06
gen1754perm62 1.0588391902157637 9.14932771e-02 2.35549029e-02 8.66787860e-02 1.83227810e+00 1.82481803e-02 4.51926707e-03 2.04797405e+00 1.21576328e-02 7.10918047e-01 1.62535649e-01 7.94659602e+00 4.95776859e+00 8.74482561e-02 8.62600187e-02 6.81489391e+00 1.95918443e-01 4.99776471e-02 4.99486261e+00 6.55128985e+01 2.15734571e-07 1.34539790e-05 2.39790875e-08 3.30884139e-06 2.62322065e-03 3.12079434e-07 3.78663316e-06 3.02228221e-08 4.95297032e-05 1.18643294e-05 3.20341053e-05 1.16632820e-06 4.89632355e-06 1.70062153e-07 1.01724942e-07 6.73733914e-06 5.92576682e-01 7.14599830e-06
gen1754perm50 1.0588509858948609 9.14932771e-02 2.40567496e-02 8.66787860e-02 1.98170439e+00 1.82481803e-02 4.64779495e-03 2.02891638e+00 1.01212891e-02 6.69911869e-01 1.59849309e-01 7.97465587e+00 5.03118133e+00 7.56921919e-02 8.55334352e-02 7.54516279e+00 1.95918443e-01 4.60647513e-02 4.99486261e+00 6.86823508e+01 2.18077068e-07 1.34539790e-05 2.39790875e-08 3.26813624e-06 2.82122216e-03 3.94721188e-07 4.12728211e-06 2.83280399e-08 5.92459712e-05 1.18291570e-05 2.23804057e-05 1.10177969e-06 4.92504393e-06 1.73296336e-07 8.71412850e-08 7.21724817e-06 5.92576682e-01 6.95820221e-06
gen1754perm35 1.0589634928877081 9.14932771e-02 2.41690501e-02 8.66787860e-02 1.97449512e+00 1.90645029e-02 5.08127127e-03 2.23956604e+00 1.21576328e-02 7.26148124e-01 1.56087906e-01 7.97465587e+00 4.95776859e+00 8.56470401e-02 1.09536764e-01 6.09103384e+00 1.96643591e-01 4.60647513e-02 4.99486261e+00 6.62214826e+01 2.58728936e-07 1.26521604e-05 2.39790875e-08 3.29032524e-06 2.64594082e-03 3.08114231e-07 3.72008922e-06 2.83280399e-08 6.36982653e-05 1.11762383e-05 2.60193406e-05 1.20341408e-06 4.72978764e-06 1.65522464e-07 1.06535940e-07 7.34826140e-06 5.92576682e-01 6.92575942e-06
gen1754perm6 1.0590126085127169 9.14932771e-02 2.41823437e-02 8.66787860e-02 1.98170439e+00 1.76312143e-02 4.23427246e-03 2.04797405e+00 1.42504190e-02 6.52543447e-01 1.65652391e-01 7.97465587e+00 5.33234554e+00 7.03338477e-02 7.37055915e-02 8.16679463e+00 1.81030848e-01 4.60647513e-02 4.99486261e+00 6.46496314e+01 2.18077068e-07 1.34539790e-05 2.39790875e-08 3.29032524e-06 2.58265303e-03 3.12079434e-07 4.07689555e-06 2.89683415e-08 5.07773448e-05 1.18643294e-05 3.05655884e-05 1.87740758e-06 4.92504393e-06 1.50451499e-07 9.34212775e-08 7.18923317e-06 5.92576682e-01 7.70809525e-06
gen1754perm106 1.0590593565810567 9.14932771e-02 2.39380208e-02 8.66787860e-02 1.98170439e+00 1.76312143e-02 4.64779495e-03 2.04797405e+00 1.21576328e-02 6.92756835e-01 1.43345320e-01 7.97465587e+00 5.55179413e+00 8.56470401e-02 1.09536764e-01 8.11207938e+00 2.07720162e-01 4.60647513e-02 4.99486261e+00 6.46496314e+01 2.32483353e-07 1.34539790e-05 2.39790875e-08 3.04272603e-06 2.56471868e-03 3.26218788e-07 3.76546889e-06 2.89683415e-08 6.36982653e-05 1.18643294e-05 2.48548109e-05 1.20341408e-06 4.92504393e-06 1.56982308e-07 1.06535940e-07 6.73733914e-06 5.92576682e-01 6.92575942e-06
gen1754perm92 1.0593377789622300 9.14932771e-02 2.48268031e-02 8.66787860e-02 1.98170439e+00 1.82311780e-02 3.98499113e-03 1.87438592e+00 1.09592370e-02 6.80370776e-01 1.65652391e-01 8.67455929e+00 4.95776859e+00 7.75749812e-02 1.16786227e-01 6.99750828e+00 1.95918443e-01 4.60647513e-02 4.99486261e+00 6.90783179e+01 2.16209632e-07 1.34539790e-05 2.39790875e-08 3.29032524e-06 2.60230208e-03 2.70682636e-07 3.55217036e-06 2.75817325e-08 5.51159510e-05 1.18643294e-05 3.28788645e-05 1.10841064e-06 4.92504393e-06 1.49631875e-07 8.74658656e-08 6.73733914e-06 5.92576682e-01 6.92575942e-06
gen1754perm93 1.0593399092376492 9.14932771e-02 2.40567496e-02 8.58619562e-02 1.98170439e+00 1.90589597e-02 3.98499113e-03 2.14782172e+00 1.33398277e-02 7.26148124e-01 1.86079154e-01 7.94659602e+00 4.95776859e+00 7.83824815e-02 1.16786227e-01 6.81489391e+00 1.93797260e-01 4.60647513e-02 4.99486261e+00 6.89994571e+01 2.34055296e-07 1.28882982e-05 2.39790875e-08 3.29032524e-06 2.60230208e-03 3.02010451e-07 4.07689555e-06 2.62599941e-08 5.39261371e-05 1.18643294e-05 3.03010667e-05 1.34411346e-06 4.92504393e-06 1.70062153e-07 1.05790640e-07 7.29522632e-06 5.92576682e-01 6.90240276e-06
gen1754perm44 1.0594080254684448 9.14932771e-02 2.43337863e-02 8.18349868e-02 1.98170439e+00 1.98296889e-02 4.25109671e-03 2.04797405e+00 1.28274113e-02 7.26148124e-01 1.60159847e-01 7.97465587e+00 4.95776859e+00 7.25661885e-02 1.16786227e-01 4.57369667e+00 1.80276404e-01 4.60647513e-02 4.99486261e+00 6.47533701e+01 2.26163240e-07 1.34539790e-05 2.27601899e-08 3.29032524e-06 2.60230208e-03 3.08114231e-07 3.67884216e-06 2.89683415e-08 5.92459712e-05 1.18643294e-05 2.90222830e-05 1.71857611e-06 5.32233012e-06 1.65522464e-07 8.78594375e-08 6.73733914e-06 5.92576682e-01 6.92575942e-06
gen1754perm49 1.0595292357703689 9.14932771e-02 2.42374146e-02 8.66787860e-02 1.98170439e+00 1.97195522e-02 3.48497722e-03 2.04797405e+00 1.04386311e-02 7.34798936e-01 1.65652391e-01 7.94659602e+00 5.00929633e+00 8.03446704e-02 9.20874728e-02 7.67554945e+00 2.03158198e-01 4.60647513e-02 4.99486261e+00 6.89994571e+01 2.18077068e-07 1.34539790e-05 2.39790875e-08 3.29032524e-06 2.64594082e-03 3.21992232e-07 4.02479188e-06 2.69785032e-08 5.94359683e-05 1.07679781e-05 2.23804057e-05 1.42319923e-06 4.62275143e-06 1.73782004e-07 9.53616722e-08 6.73702851e-06 5.92576682e-01 6.92575942e-06
gen1754perm144 1.0595484774693602 9.14932771e-02 2.53147734e-02 8.66787860e-02 1.98170439e+00 1.85115176e-02 4.25109671e-03 2.16319275e+00 1.21576328e-02 6.80370776e-01 1.65508142e-01 7.94659602e+00 4.71423806e+00 7.75749812e-02 1.17949831e-01 7.54516279e+00 1.77278315e-01 4.84213994e-02 4.99486261e+00 6.46496314e+01 2.19599505e-07 1.45208714e-05 2.39790875e-08 3.29032524e-06 2.58370032e-03 3.22333818e-07 3.77822078e-06 2.97154266e-08 5.71235833e-05 1.18643294e-05 3.14565196e-05 1.61527448e-06 4.77127051e-06 1.56037211e-07 1.01502017e-07 6.73733914e-06 5.92576682e-01 6.92575942e-06
gen1754perm73 1.0595825204309999 9.14932771e-02 2.41823437e-02 8.66787860e-02 1.98170439e+00 2.13849915e-02 3.58641373e-03 2.04748805e+00 1.42504190e-02 6.80370776e-01 1.65652391e-01 7.94659602e+00 5.39670732e+00 7.11294248e-02 8.92127509e-02 7.07134869e+00 1.95918443e-01 4.60647513e-02 4.99486261e+00 6.55128985e+01 2.43928422e-07 1.47745849e-05 2.23664455e-08 3.29032524e-06 2.62322065e-03 3.02010451e-07 3.78663316e-06 2.83280399e-08 5.02735437e-05 1.18643294e-05 3.14565196e-05 1.71857611e-06 6.01865787e-06 1.65522464e-07 1.05790640e-07 6.73733914e-06 5.92576682e-01 7.14599830e-06
gen1754perm12 1.0597446899284648 9.05846304e-02 2.45749394e-02 8.66787860e-02 1.98170439e+00 1.82481803e-02 4.23427246e-03 2.00873761e+00 1.52250551e-02 6.80370776e-01 1.65652391e-01 7.97465587e+00 5.18825338e+00 7.75749812e-02 8.91349385e-02 6.09103384e+00 1.95918443e-01 4.60647513e-02 4.99486261e+00 6.46496314e+01 2.19599505e-07 1.34539790e-05 2.39790875e-08 3.29032524e-06 2.60230208e-03 2.99337797e-07 3.91768813e-06 2.89683415e-08 5.71235833e-05 1.29260846e-05 3.36114733e-05 1.06671288e-06 4.92504393e-06 1.56661846e-07 1.01502017e-07 6.73733914e-06 5.92576682e-01 7.07849434e-06
gen1754perm108 1.0598084038080675 9.14932771e-02 2.42374146e-02 8.66787860e-02 1.98170439e+00 1.82481803e-02 4.23427246e-03 2.46837272e+00 1.11039757e-02 6.80370776e-01 1.65652391e-01 7.94659602e+00 4.78835467e+00 7.75749812e-02 9.28375904e-02 8.71692659e+00 2.09494395e-01 4.22148302e-02 5.16556737e+00 6.47533701e+01 2.16254549e-07 1.34539790e-05 2.39790875e-08 3.29032524e-06 2.60230208e-03 3.26218788e-07 4.07689555e-06 2.16850486e-08 6.26378761e-05 1.18643294e-05 2.98082416e-05 1.37293889e-06 6.07745326e-06 1.37126311e-07 8.74658656e-08 6.73733914e-06 5.92576682e-01 7.95464168e-06
gen1754perm115 1.0598200974422616 9.14932771e-02 2.41823437e-02 8.66787860e-02 1.98170439e+00 2.24859503e-02 3.63350977e-03 2.00782137e+00 1.02796205e-02 6.80370776e-01 1.65508142e-01 7.94659602e+00 5.79381141e+00 7.71467260e-02 1.17949831e-01 7.54516279e+00 1.95918443e-01 4.20022980e-02 4.99486261e+00 6.72812684e+01 2.18077068e-07 1.34539790e-05 2.39790875e-08 3.29032524e-06 2.60230208e-03 3.21992232e-07 4.14575200e-06 2.66664026e-08 5.94359683e-05 1.18291570e-05 2.23804057e-05 1.63315657e-06 4.92504393e-06 1.66141450e-07 8.71412850e-08 6.73733914e-06 5.92576682e-01 6.92948806e-06
gen1754perm100 1.0598663267212698 9.14932771e-02 2.35159720e-02 9.15024066e-02 1.98170439e+00 1.90645029e-02 3.98499113e-03 2.23956604e+00 1.04386311e-02 6.33716406e-01 1.86079154e-01 7.97465587e+00 4.95776859e+00 6.86314556e-02 1.16786227e-01 6.09103384e+00 2.02867229e-01 4.60647513e-02 4.99486261e+00 6.46496314e+01 2.34055296e-07 1.34539790e-05 2.39790875e-08 3.29032524e-06 2.60230208e-03 3.18864274e-07 3.72008922e-06 2.83280399e-08 6.31753481e-05 1.18643294e-05 2.48548109e-05 1.17765031e-06 4.98654053e-06 1.73296336e-07 1.01502017e-07 6.73733914e-06 5.92576682e-01 6.92575942e-06
gen1754perm7 1.0602002491959630 9.14932771e-02 2.42374146e-02 8.66787860e-02 1.90964818e+00 1.82481803e-02 3.63350977e-03 1.90334027e+00 1.33398277e-02 7.76182831e-01 1.59849309e-01 7.94659602e+00 4.95776859e+00 7.75749812e-02 9.43581859e-02 7.02784665e+00 1.95918443e-01 4.60647513e-02 4.99486261e+00 6.72812684e+01 2.18077068e-07 1.43515333e-05 2.39790875e-08 3.29032524e-06 2.64594082e-03 3.21992232e-07 4.12728211e-06 2.69785032e-08 6.04948459e-05 1.18643294e-05 2.10807564e-05 1.09369180e-06 4.92504393e-06 1.61994851e-07 8.74658656e-08 6.73733914e-06 5.92576682e-01 6.92575942e-06
gen1754perm34 1.0602980798468864 9.14932771e-02 2.64432330e-02 8.66787860e-02 1.98170439e+00 1.82481803e-02 4.25109671e-03 2.04797405e+00 1.21576328e-02 6.69911869e-01 1.65652391e-01 7.97465587e+00 4.95776859e+00 7.75749812e-02 8.62600187e-02 7.54516279e+00 1.95918443e-01 4.60647513e-02 4.99486261e+00 6.89994571e+01 2.18077068e-07 1.29605334e-05 2.39790875e-08 3.39070028e-06 2.60230208e-03 3.94721188e-07 3.67575119e-06 2.89683415e-08 5.71235833e-05 1.28795000e-05 3.20341053e-05 1.42319923e-06 4.62275143e-06 1.65522464e-07 8.74658656e-08 6.73702851e-06 5.92576682e-01 6.92575942e-06
gen1754perm99 1.0604203112356068 9.14932771e-02 2.43242173e-02 8.66787860e-02 1.98170439e+00 1.90645029e-02 3.98499113e-03 2.14782172e+00 1.04386311e-02 6.69911869e-01 1.86079154e-01 7.97465587e+00 4.95776859e+00 6.63303090e-02 1.16786227e-01 6.09103384e+00 1.95918443e-01 4.60647513e-02 4.99486261e+00 6.26285988e+01 2.11498451e-07 1.34539790e-05 2.49560021e-08 3.21520366e-06 2.58265303e-03 3.37286283e-07 4.07689555e-06 2.83280399e-08 5.65467806e-05 1.18643294e-05 2.33628889e-05 1.18826672e-06 4.92504393e-06 1.73296336e-07 1.01502017e-07 6.63246630e-06 5.92576682e-01 7.61161303e-06
gen1754perm116 1.0604598359219599 9.14932771e-02 2.43851347e-02 8.66787860e-02 1.79745300e+00 1.97195522e-02 4.25109671e-03 2.10224970e+00 1.21576328e-02 7.34798936e-01 1.65746215e-01 8.47152561e+00 5.03118133e+00 7.75749812e-02 9.00952427e-02 7.57668679e+00 1.95918443e-01 4.60647513e-02 4.99486261e+00 6.46496314e+01 2.18077068e-07 1.34539790e-05 2.39790875e-08 3.29032524e-06 2.64594082e-03 3.18327709e-07 4.12728211e-06 3.09868253e-08 5.71235833e-05 1.26975743e-05 2.33628889e-05 1.10177969e-06 5.24042417e-06 1.56282392e-07 8.72328232e-08 6.73733914e-06 5.92576682e-01 6.92575942e-06
gen1754perm137 1.0607556751605192 9.00837075e-02 2.42374146e-02 8.66787860e-02 2.11902506e+00 2.24859503e-02 3.98499113e-03 1.84629776e+00 1.09592370e-02 7.26148124e-01 1.79523802e-01 7.94659602e+00 5.55179413e+00 7.75749812e-02 1.16786227e-01 7.54516279e+00 1.95918443e-01 4.60647513e-02 4.99486261e+00 6.46496314e+01 2.18077068e-07 1.34539790e-05 2.39790875e-08 3.29032524e-06 2.79188783e-03 3.10790196e-07 3.91768813e-06 2.75817325e-08 5.85294614e-05 1.13199850e-05 3.28788645e-05 1.10211801e-06 5.97698615e-06 1.65522464e-07 8.74658656e-08 6.73733914e-06 5.92576682e-01 6.92575942e-06
gen1754perm18 1.0616111180168668 9.14932771e-02 2.41823437e-02 8.66787860e-02 1.98170439e+00 2.24859503e-02 4.25109671e-03 2.04797405e+00 1.21576328e-02 6.80370776e-01 1.79523802e-01 7.97465587e+00 4.95776859e+00 8.36063912e-02 8.62600187e-02 7.15491913e+00 2.11369106e-01 4.60647513e-02 4.99486261e+00 6.46496314e+01 2.34055296e-07 1.46497511e-05 2.39790875e-08 3.29032524e-06 2.60230208e-03 3.12079434e-07 4.07689555e-06 2.90163310e-08 5.71235833e-05 1.18643294e-05 2.23757734e-05 1.55062068e-06 5.97698615e-06 1.37484041e-07 8.74658656e-08 6.73733914e-06 5.92576682e-01 7.20291101e-06
gen1754perm58 1.0616788008819220 9.14932771e-02 2.41823437e-02 8.66787860e-02 2.11924004e+00 1.90713233e-02 4.30599924e-03 2.04797405e+00 1.25187755e-02 6.59130646e-01 1.79523802e-01 8.49174220e+00 4.95776859e+00 7.51416196e-02 1.16786227e-01 7.89703810e+00 1.83923879e-01 4.60647513e-02 4.96805111e+00 6.46496314e+01 2.18077068e-07 1.34539790e-05 2.39790875e-08 3.46990043e-06 2.60230208e-03 3.13076658e-07 3.90271245e-06 2.89683415e-08 5.19480751e-05 1.18643294e-05 2.48548109e-05 1.16052816e-06 5.23571711e-06 1.56282392e-07 8.77126948e-08 6.73733914e-06 5.81496541e-01 6.99280559e-06
gen1754perm11 1.0617792017191965 9.14932771e-02 2.42374146e-02 8.66787860e-02 1.98170439e+00 2.13678740e-02 4.22204687e-03 1.88571581e+00 1.30527278e-02 7.05131680e-01 1.72919786e-01 7.94659602e+00 4.86218602e+00 7.80499539e-02 1.16786227e-01 7.57668679e+00 1.95918443e-01 4.60647513e-02 4.99486261e+00 6.83518139e+01 1.97847159e-07 1.39312396e-05 2.39790875e-08 3.29032524e-06 2.82583785e-03 3.22333818e-07 3.35922545e-06 2.42722521e-08 5.71235833e-05 1.18643294e-05 2.55904962e-05 1.24614450e-06 4.77127051e-06 1.72459368e-07 8.74658656e-08 7.33801898e-06 5.92576682e-01 6.92575942e-06
gen1754perm87 1.0618757030706061 9.14932771e-02 2.41823437e-02 8.66787860e-02 2.08507204e+00 1.82481803e-02 3.98499113e-03 1.97280043e+00 1.53085503e-02 6.80370776e-01 1.65652391e-01 7.94659602e+00 4.95776859e+00 7.75749812e-02 9.28375904e-02 5.74677250e+00 1.95918443e-01 4.60647513e-02 4.99486261e+00 6.46496314e+01 2.16254549e-07 1.34539790e-05 2.39790875e-08 3.29032524e-06 2.82299578e-03 3.08571386e-07 3.78663316e-06 2.28614562e-08 5.65467806e-05 1.18643294e-05 3.25033143e-05 1.20341408e-06 5.99631301e-06 1.73782004e-07 8.71412850e-08 6.19018646e-06 5.92576682e-01 6.92575942e-06
gen1754perm111 1.0620434517302673 9.14932771e-02 2.40567496e-02 8.66787860e-02 1.98170439e+00 1.82481803e-02 5.24820434e-03 2.04797405e+00 1.33398277e-02 6.80189880e-01 1.59849309e-01 8.54048513e+00 5.49937376e+00 7.75749812e-02 9.43581859e-02 7.81952343e+00 1.93797260e-01 4.87212641e-02 4.99486261e+00 6.89994571e+01 2.18077068e-07 1.34539790e-05 2.31747619e-08 3.29032524e-06 2.64594082e-03 3.64542268e-07 4.07689555e-06 2.81072412e-08 6.26564019e-05 1.25566682e-05 2.01531378e-05 1.13596361e-06 4.92504393e-06 1.75598765e-07 9.53616722e-08 6.73733914e-06 5.92576682e-01 6.92575942e-06
gen1754perm85 1.0620800709686340 9.14932771e-02 2.40567496e-02 8.66787860e-02 1.98170439e+00 1.82481803e-02 3.63350977e-03 2.04797405e+00 1.04386311e-02 7.34798936e-01 1.59849309e-01 7.95961790e+00 4.56173739e+00 7.75749812e-02 1.17949831e-01 7.57668679e+00 2.13233571e-01 4.39056268e-02 4.99486261e+00 6.46496314e+01 2.18077068e-07 1.34539790e-05 2.39790875e-08 3.48382983e-06 2.58265303e-03 3.83239125e-07 4.07689555e-06 2.69785032e-08 5.64189298e-05 1.18643294e-05 2.23804057e-05 1.71857611e-06 5.24042417e-06 1.76390634e-07 8.74658656e-08 6.93213415e-06 5.92576682e-01 7.26817618e-06
gen1754perm14 1.0621024821407354 9.14932771e-02 2.42374146e-02 8.66787860e-02 1.98170439e+00 2.13678740e-02 4.08630455e-03 1.87369694e+00 1.25365760e-02 7.26148124e-01 1.75959715e-01 8.52593594e+00 4.95776859e+00 7.75749812e-02 1.23629598e-01 6.09103384e+00 1.95918443e-01 4.60647513e-02 4.99486261e+00 6.46496314e+01 2.19599505e-07 1.34539790e-05 2.52007371e-08 3.29032524e-06 2.58370032e-03 3.12079434e-07 4.07689555e-06 2.83280399e-08 6.09014448e-05 1.18643294e-05 2.48548109e-05 1.37058362e-06 4.50530828e-06 1.52232208e-07 9.51591854e-08 6.73733914e-06 5.92576682e-01 6.92575942e-06
gen1754perm114 1.0621557423919916 9.14932771e-02 2.37079625e-02 8.12531567e-02 1.98170439e+00 1.90645029e-02 5.05078002e-03 2.23956604e+00 1.09876531e-02 7.26148124e-01 1.65652391e-01 7.97465587e+00 4.95776859e+00 6.86314556e-02 1.16786227e-01 7.54516279e+00 1.96643591e-01 4.60647513e-02 4.99486261e+00 6.87017055e+01 2.37929906e-07 1.34539790e-05 2.39790875e-08 3.29032524e-06 2.64594082e-03 3.15984313e-07 4.12728211e-06 3.03238532e-08 5.65030658e-05 1.18291570e-05 3.03010667e-05 1.22140733e-06 4.92504393e-06 1.73782004e-07 9.34818087e-08 6.73733914e-06 5.92576682e-01 6.92575942e-06
gen1754perm22 1.0622483004871930 9.14932771e-02 2.42374146e-02 7.85726817e-02 1.98170439e+00 1.68606007e-02 4.35868908e-03 2.04797405e+00 1.42504190e-02 7.15778837e-01 1.74744858e-01 7.69717564e+00 4.95776859e+00 8.74482561e-02 8.88408897e-02 6.19533379e+00 1.95918443e-01 4.60647513e-02 4.99486261e+00 6.20800696e+01 2.03496551e-07 1.34539790e-05 2.25791282e-08 3.29032524e-06 2.59140935e-03 3.37286283e-07 3.78663316e-06 2.89683415e-08 6.31753481e-05 1.18643294e-05 2.33628889e-05 1.21878788e-06 4.89632355e-06 1.73186997e-07 8.18124180e-08 6.73733914e-06 5.92576682e-01 7.02446424e-06
gen1754perm123 1.0625199550131403 9.14932771e-02 2.39380208e-02 8.22114177e-02 1.98170439e+00 2.23331639e-02 5.24820434e-03 2.04797405e+00 1.30527278e-02 7.14037267e-01 1.65652391e-01 7.23376019e+00 6.18889040e+00 8.56470401e-02 1.06351298e-01 7.68782220e+00 2.11369106e-01 4.60647513e-02 4.99486261e+00 6.90845122e+01 1.97847159e-07 1.34539790e-05 2.39790875e-08 3.29032524e-06 2.49676545e-03 3.12079434e-07 3.91768813e-06 2.89852640e-08 5.71235833e-05 1.18643294e-05 2.60193406e-05 1.20341408e-06 4.92504393e-06 1.72459368e-07 1.06535940e-07 6.73733914e-06 5.92576682e-01 6.92575942e-06
gen1754perm10 1.0625205510325493 9.43214294e-02 2.42374146e-02 8.66787860e-02 1.98170439e+00 1.83093320e-02 4.22204687e-03 1.72388061e+00 1.23318633e-02 6.80370776e-01 1.72919786e-01 7.94659602e+00 4.71423806e+00 1.01017152e-01 1.06897451e-01 8.11207938e+00 1.94266881e-01 4.60647513e-02 4.99486261e+00 6.27478375e+01 2.19599505e-07 1.34539790e-05 2.39790875e-08 3.29032524e-06 2.61351680e-03 2.99933186e-07 3.35922545e-06 2.89683415e-08 5.71235833e-05 1.18643294e-05 3.36114733e-05 1.24614450e-06 4.95531470e-06 1.56982308e-07 1.01502017e-07 6.75377858e-06 5.92576682e-01 7.13810063e-06
gen1754perm90 1.0627961665327539 9.14932771e-02 2.42374146e-02 8.76727104e-02 1.98170439e+00 1.89063742e-02 5.45821291e-03 2.04797405e+00 1.33398277e-02 6.34997217e-01 1.67916433e-01 7.97465587e+00 5.57484251e+00 9.01467845e-02 1.06897451e-01 8.11207938e+00 2.15604675e-01 4.60647513e-02 4.99486261e+00 6.20800696e+01 2.01096688e-07 1.23804274e-05 2.39790875e-08 3.25330472e-06 2.64594082e-03 3.25586072e-07 4.17706175e-06 2.90163310e-08 7.91437338e-05 1.18643294e-05 2.33628889e-05 1.59270328e-06 4.95531470e-06 1.56982308e-07 6.28350972e-08 6.73733914e-06 5.92576682e-01 6.71702216e-06
gen1754perm107 1.0627965352841169 9.39030556e-02 2.41956857e-02 8.84845625e-02 1.98170439e+00 1.82481803e-02 5.02787014e-03 1.97280043e+00 1.42504190e-02 7.29980263e-01 1.71356034e-01 7.97465587e+00 4.95776859e+00 1.05707576e-01 1.13570926e-01 7.68052916e+00 1.80031987e-01 4.48495131e-02 4.99486261e+00 6.75929000e+01 2.26163240e-07 1.34539790e-05 2.39790875e-08 3.29032524e-06 2.83386265e-03 3.08571386e-07 3.55380675e-06 2.81384058e-08 5.49530683e-05 1.18643294e-05 3.14565196e-05 1.71857611e-06 4.92504393e-06 1.65522464e-07 8.73355397e-08 6.73733914e-06 5.92576682e-01 6.92575942e-06
gen1754perm80 1.0632957569022869 9.14932771e-02 2.42374146e-02 8.78257656e-02 1.98170439e+00 1.94967669e-02 4.23427246e-03 2.04797405e+00 1.09592370e-02 7.14037267e-01 1.65652391e-01 7.76173224e+00 5.18825338e+00 7.10423771e-02 1.22065357e-01 6.09103384e+00 1.95918443e-01 4.60647513e-02 4.99486261e+00 6.46496314e+01 2.34055296e-07 1.21832457e-05 2.39790875e-08 3.29032524e-06 2.82583785e-03 2.87952436e-07 3.91768813e-06 2.75817325e-08 6.23696069e-05 1.18643294e-05 2.33628889e-05 1.10211801e-06 4.92504393e-06 1.56037211e-07 8.74658656e-08 6.73733914e-06 5.92576682e-01 6.57129618e-06
gen1754perm110 1.0635833975623743 8.89723068e-02 2.28955084e-02 8.66787860e-02 1.98170439e+00 1.82481803e-02 4.23427246e-03 2.22949312e+00 1.21576328e-02 6.80370776e-01 1.76084982e-01 7.97465587e+00 4.95776859e+00 8.74482561e-02 8.62600187e-02 7.57668679e+00 2.04915156e-01 4.60647513e-02 4.99486261e+00 6.20800696e+01 2.18077068e-07 1.34539790e-05 2.39790875e-08 3.29032524e-06 2.51945468e-03 3.12079434e-07 4.07689555e-06 2.74360267e-08 5.71235833e-05 1.18643294e-05 3.05655884e-05 1.68093514e-06 4.92504393e-06 1.65522464e-07 9.34212775e-08 6.73733914e-06 5.92576682e-01 6.92575942e-06
gen1754perm55 1.0639744498695478 8.91033174e-02 2.21897436e-02 8.76075593e-02 1.98170439e+00 2.42776275e-02 4.50179566e-03 1.89005415e+00 1.33274217e-02 7.26395972e-01 1.79523802e-01 8.17872759e+00 5.08078319e+00 7.75749812e-02 1.20286185e-01 7.54516279e+00 2.04246248e-01 4.60647513e-02 4.99486261e+00 6.20800696e+01 2.18077068e-07 1.34539790e-05 2.18194580e-08 3.29032524e-06 2.60230208e-03 3.08114231e-07 3.60974289e-06 2.90163310e-08 5.23232367e-05 1.18643294e-05 2.92267231e-05 1.40342830e-06 4.42781707e-06 1.50451499e-07 6.72687130e-08 6.85140342e-06 5.92576682e-01 6.61427732e-06
gen1754perm37 1.0639983743198278 9.17028104e-02 2.41823437e-02 8.66787860e-02 1.98170439e+00 1.90645029e-02 4.17868371e-03 2.04797405e+00 1.06117759e-02 6.83948321e-01 1.65652391e-01 7.97465587e+00 5.03118133e+00 7.47373301e-02 9.43581859e-02 8.37033805e+00 1.80276404e-01 4.60647513e-02 4.99486261e+00 5.62819185e+01 2.22653124e-07 1.34149367e-05 2.53938396e-08 3.29032524e-06 2.64594082e-03 3.18864274e-07 4.01445182e-06 2.78757457e-08 5.65467806e-05 1.18291570e-05 3.03010667e-05 1.20341408e-06 4.92504393e-06 1.73782004e-07 8.74658656e-08 6.73733914e-06 5.92576682e-01 7.17664917e-06
gen1754perm17 1.0640043916181379 8.84735212e-02 2.42374146e-02 8.66787860e-02 1.98170439e+00 1.82481803e-02 3.74523071e-03 2.26017265e+00 1.33398277e-02 8.05827584e-01 1.65652391e-01 7.94659602e+00 5.55179413e+00 7.75749812e-02 1.16786227e-01 7.57668679e+00 1.95918443e-01 4.60647513e-02 4.99486261e+00 6.87443019e+01 2.18077068e-07 1.34539790e-05 2.39790875e-08 3.29032524e-06 2.60502660e-03 2.99476304e-07 3.78663316e-06 2.89683415e-08 5.23232367e-05 1.18643294e-05 3.20341053e-05 1.65435321e-06 4.43310066e-06 1.69588309e-07 6.28350972e-08 6.73733914e-06 5.92576682e-01 6.92575942e-06
gen1754perm43 1.0640738592446182 8.84312510e-02 2.41588843e-02 8.66787860e-02 1.86026167e+00 1.69850367e-02 5.06241925e-03 2.04797405e+00 1.27124249e-02 6.88678617e-01 1.53502824e-01 7.97465587e+00 5.36884791e+00 7.75749812e-02 7.74963331e-02 8.16679463e+00 1.95918443e-01 4.60647513e-02 4.99486261e+00 5.87138532e+01 2.18077068e-07 1.34539790e-05 2.39790875e-08 3.29032524e-06 2.48588582e-03 3.12079434e-07 3.90271245e-06 2.89683415e-08 5.85294614e-05 1.18643294e-05 2.33628889e-05 1.02416794e-06 5.54344173e-06 1.48466969e-07 9.13014582e-08 7.22060574e-06 5.73285904e-01 8.69060035e-06
gen1754perm83 1.0641805463270608 9.14932771e-02 2.41823437e-02 8.66787860e-02 1.98170439e+00 1.67552571e-02 4.69063751e-03 1.85149829e+00 1.31688829e-02 7.26395972e-01 1.65652391e-01 8.32001508e+00 5.41104328e+00 7.14204528e-02 8.73968841e-02 7.36312958e+00 1.95918443e-01 4.60647513e-02 4.99486261e+00 6.55128985e+01 2.34055296e-07 1.34539790e-05 2.32104382e-08 3.29032524e-06 2.60230208e-03 3.02010451e-07 3.81180890e-06 3.03238532e-08 5.68278288e-05 1.22698571e-05 3.03010667e-05 1.07292302e-06 4.98992085e-06 1.52541381e-07 1.05790640e-07 6.16152689e-06 5.92576682e-01 6.90240276e-06
gen1754perm54 1.0642221119544579 9.14932771e-02 2.42374146e-02 8.66787860e-02 1.98170439e+00 1.82481803e-02 5.06241925e-03 2.04797405e+00 1.27124249e-02 7.43862750e-01 1.65652391e-01 7.90168215e+00 4.95776859e+00 7.75749812e-02 9.52404084e-02 7.89703810e+00 1.98110093e-01 4.60647513e-02 4.99486261e+00 6.46496314e+01 2.22653124e-07 1.34539790e-05 2.29533224e-08 3.29032524e-06 2.60230208e-03 2.84462590e-07 3.78663316e-06 2.89683415e-08 5.71235833e-05 1.18643294e-05 2.33628889e-05 1.60518847e-06 4.92504393e-06 1.32050970e-07 9.11905798e-08 6.21567183e-06 5.92576682e-01 6.95880759e-06
gen1754perm82 1.0642465135309609 9.14932771e-02 2.42374146e-02 9.15621480e-02 1.98170439e+00 1.92832622e-02 3.70760154e-03 2.16765079e+00 1.01212891e-02 7.26148124e-01 1.51518199e-01 7.32970550e+00 5.66826915e+00 7.75749812e-02 9.48082932e-02 6.36040865e+00 1.80276404e-01 4.60647513e-02 4.99486261e+00 6.46496314e+01 2.04348024e-07 1.34149367e-05 2.39790875e-08 3.37557089e-06 2.50298669e-03 3.12079434e-07 4.07689555e-06 2.89655018e-08 5.92459712e-05 1.18643294e-05 2.30368946e-05 1.28473230e-06 4.51844573e-06 1.72994230e-07 6.28350972e-08 6.73733914e-06 5.77461924e-01 6.71702216e-06
gen1754perm25 1.0643092903576699 9.14932771e-02 2.42374146e-02 7.96923808e-02 1.80902591e+00 1.82481803e-02 4.49371749e-03 2.14782172e+00 1.28955586e-02 7.31677803e-01 1.48351522e-01 8.47011113e+00 4.95776859e+00 7.75749812e-02 1.06974911e-01 7.81952343e+00 1.80276404e-01 4.58453779e-02 4.99486261e+00 6.49315058e+01 2.27499471e-07 1.34149367e-05 2.39790875e-08 3.15792300e-06 2.64594082e-03 3.12079434e-07 4.07689555e-06 3.20792001e-08 5.92459712e-05 1.18643294e-05 2.90222830e-05 1.18826672e-06 5.46097526e-06 1.80231831e-07 8.74658656e-08 6.73733914e-06 5.92576682e-01 6.76700755e-06
gen1754perm113 1.0646137282703121 9.14932771e-02 2.20659510e-02 9.18227512e-02 1.98170439e+00 1.79001210e-02 4.53638083e-03 2.04797405e+00 1.03444230e-02 6.22576534e-01 1.51812011e-01 7.94659602e+00 5.03118133e+00 7.88438905e-02 9.43581859e-02 6.09103384e+00 1.80276404e-01 4.86092401e-02 4.99486261e+00 6.46496314e+01 2.40975990e-07 1.34149367e-05 2.39790875e-08 3.29032524e-06 2.64594082e-03 3.21992232e-07 3.72008922e-06 2.35084090e-08 5.99461840e-05 1.10995889e-05 2.65246507e-05 1.20341408e-06 4.92504393e-06 1.75263385e-07 9.45004853e-08 6.73733914e-06 5.92576682e-01 6.71702216e-06
gen1754perm142 1.0648531352052359 9.14932771e-02 2.43337863e-02 7.93768009e-02 1.98170439e+00 1.82481803e-02 3.83537823e-03 1.97410421e+00 1.33398277e-02 6.95393616e-01 1.50758334e-01 7.97465587e+00 4.90039963e+00 9.01467845e-02 1.07657096e-01 7.54516279e+00 2.04246248e-01 4.60647513e-02 4.99486261e+00 6.46496314e+01 2.34055296e-07 1.34539790e-05 2.39790875e-08 3.29032524e-06 2.60230208e-03 3.08114231e-07 3.92940628e-06 2.90163310e-08 5.85294614e-05 1.07933161e-05 2.33628889e-05 1.18478022e-06 4.95531470e-06 1.48466969e-07 9.89346136e-08 6.73733914e-06 5.92576682e-01 6.92575942e-06
gen1754perm134 1.0652278441502327 9.44840994e-02 2.53389308e-02 8.66787860e-02 1.98170439e+00 2.24859503e-02 4.84874169e-03 2.04797405e+00 1.33398277e-02 7.49905166e-01 1.65652391e-01 7.25071454e+00 5.55179413e+00 7.75749812e-02 1.09536764e-01 7.68782220e+00 1.95918443e-01 4.60647513e-02 4.99486261e+00 6.46496314e+01 2.34055296e-07 1.34539790e-05 2.39790875e-08 3.08691457e-06 2.60502660e-03 3.26218788e-07 4.06617558e-06 2.83280399e-08 5.65467806e-05 1.24629575e-05 2.48548109e-05 1.20341408e-06 5.97698615e-06 1.65522464e-07 1.16903944e-07 6.73733914e-06 5.92576682e-01 6.99577943e-06
gen1754perm42 1.0654184970026175 9.50103576e-02 2.42374146e-02 8.66787860e-02 1.98170439e+00 1.82481803e-02 3.99526138e-03 2.20214655e+00 1.30527278e-02 6.80370776e-01 1.72180707e-01 7.97465587e+00 4.95776859e+00 8.74482561e-02 8.23237359e-02 7.57935367e+00 1.95918443e-01 4.60647513e-02 4.99486261e+00 6.20800696e+01 2.10132870e-07 1.34539790e-05 2.39790875e-08 3.29032524e-06 2.62322065e-03 3.11161327e-07 4.07689555e-06 2.75847720e-08 5.51356892e-05 1.18643294e-05 3.27995931e-05 1.71857611e-06 4.92504393e-06 1.59425654e-07 9.15452284e-08 6.73733914e-06 6.06210184e-01 6.92575942e-06
gen1754perm40 1.0656545765834111 9.34868780e-02 2.47890251e-02 8.89729727e-02 1.78976180e+00 1.82481803e-02 4.23833586e-03 1.82971647e+00 1.33398277e-02 6.99884597e-01 1.61956932e-01 7.97465587e+00 4.95776859e+00 9.01467845e-02 1.09536764e-01 8.16679463e+00 2.04915156e-01 4.60647513e-02 4.99486261e+00 6.70432658e+01 2.31414575e-07 1.34539790e-05 2.39790875e-08 3.29032524e-06 2.64594082e-03 3.33450155e-07 3.37807556e-06 2.51282032e-08 5.51356892e-05 1.18643294e-05 2.23804057e-05 1.13596361e-06 5.40901925e-06 1.50451499e-07 9.34212775e-08 6.73733914e-06 5.92576682e-01 7.53330749e-06
gen1754perm74 1.0661983385099267 9.14932771e-02 2.42374146e-02 8.66787860e-02 1.98170439e+00 1.82481803e-02 4.23427246e-03 1.97280043e+00 1.30527278e-02 7.27359636e-01 1.66476465e-01 7.94659602e+00 4.95776859e+00 8.74482561e-02 1.16786227e-01 6.81489391e+00 1.95918443e-01 4.60647513e-02 4.81693805e+00 6.75929000e+01 2.16254549e-07 1.34539790e-05 2.39790875e-08 3.29032524e-06 2.60230208e-03 3.08571386e-07 3.78663316e-06 2.29003978e-08 4.95297032e-05 1.18643294e-05 3.14565196e-05 1.16632820e-06 4.89632355e-06 1.70062153e-07 8.12200187e-08 6.73733914e-06 5.92576682e-01 6.92575942e-06
gen1754perm133 1.0664190855882782 9.14932771e-02 2.39380208e-02 8.66787860e-02 1.97449512e+00 1.76312143e-02 3.98499113e-03 2.20926154e+00 1.21576328e-02 7.26148124e-01 1.65652391e-01 7.94659602e+00 6.79055758e+00 8.56470401e-02 9.40326959e-02 6.09103384e+00 2.11369106e-01 4.80219358e-02 4.81451922e+00 6.68436064e+01 2.32483353e-07 1.23498765e-05 2.39790875e-08 3.50482819e-06 2.49097658e-03 2.99476304e-07 3.76546889e-06 2.83280399e-08 6.36982653e-05 1.10475510e-05 2.60193406e-05 1.16052816e-06 4.92504393e-06 1.31332288e-07 6.28350972e-08 6.73733914e-06 5.92576682e-01 6.92575942e-06
gen1754perm27 1.0669170019183145 9.14932771e-02 2.56143725e-02 7.87979879e-02 1.82214714e+00 1.76312143e-02 4.64337418e-03 2.04797405e+00 1.29016116e-02 6.80370776e-01 1.79523802e-01 7.97465587e+00 5.49937376e+00 8.03133399e-02 1.16786227e-01 7.54516279e+00 2.11369106e-01 4.60647513e-02 4.99486261e+00 6.46496314e+01 2.18077068e-07 1.33297470e-05 2.39790875e-08 3.29032524e-06 2.60230208e-03 3.13076658e-07 3.85053081e-06 2.90163310e-08 5.61138900e-05 1.18643294e-05 2.33628889e-05 1.24610667e-06 5.12195430e-06 1.65522464e-07 8.74658656e-08 6.73733914e-06 5.92576682e-01 7.07849434e-06
gen1754perm9 1.0669797514831381 9.14932771e-02 2.41823437e-02 8.66787860e-02 1.98170439e+00 1.82481803e-02 4.64779495e-03 2.04797405e+00 1.52250551e-02 7.26148124e-01 1.50758334e-01 7.32842749e+00 5.55179413e+00 7.20661758e-02 8.91349385e-02 7.54812462e+00 1.99779619e-01 4.19401930e-02 4.99486261e+00 6.46496314e+01 2.07258723e-07 1.25598193e-05 2.39790875e-08 3.29032524e-06 2.67688645e-03 3.22333818e-07 4.04144285e-06 2.89683415e-08 5.34573573e-05 1.18643294e-05 2.48548109e-05 1.59270328e-06 4.77127051e-06 1.60445953e-07 8.31806367e-08 6.91918726e-06 5.92576682e-01 6.92575942e-06
gen1754perm78 1.0677486694751583 9.14932771e-02 2.30627713e-02 8.66787860e-02 1.98170439e+00 1.82481803e-02 3.95435898e-03 1.97280043e+00 1.43575345e-02 7.26148124e-01 1.73124391e-01 7.94659602e+00 5.55179413e+00 7.75749812e-02 9.28375904e-02 6.09103384e+00 1.95918443e-01 4.60647513e-02 4.99486261e+00 7.10346216e+01 2.25597908e-07 1.34539790e-05 2.52754600e-08 3.56298180e-06 2.60230208e-03 2.99476304e-07 3.72008922e-06 2.29688820e-08 5.49530683e-05 1.18643294e-05 3.14565196e-05 1.71857611e-06 6.07745326e-06 1.31332288e-07 8.74658656e-08 6.73733914e-06 5.92576682e-01 6.99577943e-06
gen1754perm119 1.0682482229122512 9.14932771e-02 2.41823437e-02 8.01986162e-02 1.98170439e+00 1.73458914e-02 4.64779495e-03 2.04797405e+00 1.21255791e-02 7.26148124e-01 1.79523802e-01 7.97465587e+00 6.03033283e+00 8.56470401e-02 9.33966425e-02 7.68782220e+00 2.11369106e-01 4.15848038e-02 4.99486261e+00 6.25295145e+01 2.03935516e-07 1.34539790e-05 2.39790875e-08 3.25963582e-06 2.62673051e-03 3.13076658e-07 4.04144285e-06 2.89683415e-08 4.98358805e-05 1.18643294e-05 2.48548109e-05 1.15327852e-06 4.92504393e-06 1.42269665e-07 9.16888450e-08 6.73733914e-06 5.92576682e-01 6.92575942e-06
gen1754perm51 1.0686860568786309 9.10886789e-02 2.41823437e-02 8.62088769e-02 2.01330390e+00 1.82481803e-02 4.66742167e-03 2.18754113e+00 1.25187755e-02 7.43862750e-01 1.51518199e-01 7.97465587e+00 4.95776859e+00 8.47150078e-02 9.23858352e-02 7.89703810e+00 1.81211166e-01 4.60647513e-02 4.99486261e+00 6.49315058e+01 2.22653124e-07 1.34149367e-05 2.39790875e-08 3.29032524e-06 2.60230208e-03 3.32667771e-07 4.15623285e-06 2.89683415e-08 5.34573573e-05 1.18643294e-05 2.48548109e-05 1.20698233e-06 4.92504393e-06 1.80231831e-07 9.08619577e-08 6.73733914e-06 5.68500062e-01 6.76700755e-06
gen1754perm56 1.0690486252536475 9.79593572e-02 2.42374146e-02 8.66787860e-02 1.98170439e+00 1.76312143e-02 4.82071116e-03 2.04797405e+00 1.53315960e-02 7.70736805e-01 1.65652391e-01 7.97465587e+00 4.95776859e+00 9.01467845e-02 9.43581859e-02 7.54516279e+00 1.95918443e-01 4.60647513e-02 5.07438191e+00 6.48704794e+01 2.32428426e-07 1.34539790e-05 2.63658360e-08 3.16163205e-06 2.52535310e-03 3.08114231e-07 4.12728211e-06 2.73438231e-08 5.68278288e-05 1.18643294e-05 3.03010667e-05 1.53143991e-06 5.57127059e-06 1.52541381e-07 9.51591854e-08 6.73733914e-06 5.92576682e-01 6.71702216e-06
gen1754perm127 1.0691359698711480 9.76595069e-02 2.41823437e-02 8.66787860e-02 1.95627031e+00 1.87538635e-02 4.64779495e-03 2.04797405e+00 1.23318633e-02 6.95393616e-01 1.40469157e-01 7.97465587e+00 4.95776859e+00 9.01467845e-02 1.09380591e-01 7.54516279e+00 1.65718633e-01 4.60647513e-02 4.92604647e+00 6.49315058e+01 2.18077068e-07 1.46170023e-05 2.39790875e-08 3.29032524e-06 2.64594082e-03 3.08114231e-07 3.60429079e-06 2.90163310e-08 4.86071905e-05 1.18643294e-05 2.10727641e-05 1.65878684e-06 4.49653957e-06 1.56982308e-07 6.00259259e-08 6.73733914e-06 5.92576682e-01 6.28524420e-06
gen1754perm28 1.0701443219300719 9.59685182e-02 2.48330304e-02 8.66787860e-02 1.98170439e+00 1.78260074e-02 5.45821291e-03 2.04797405e+00 1.33398277e-02 8.05827584e-01 1.65652391e-01 7.97465587e+00 4.60663556e+00 7.75749812e-02 1.16786227e-01 5.62501176e+00 1.97549653e-01 4.60647513e-02 4.99486261e+00 6.20800696e+01 2.18077068e-07 1.34539790e-05 2.39790875e-08 3.26527579e-06 2.60230208e-03 3.12079434e-07 3.64400048e-06 2.89683415e-08 5.48743338e-05 1.28084345e-05 3.14565196e-05 1.61437416e-06 4.92504393e-06 1.51365776e-07 9.37948685e-08 6.73733914e-06 5.92576682e-01 6.92575942e-06
gen1754perm46 1.0702675067780352 9.14932771e-02 2.42374146e-02 8.94344195e-02 1.98170439e+00 1.82481803e-02 4.66742167e-03 2.04797405e+00 1.01212891e-02 6.80370776e-01 1.51518199e-01 7.62223679e+00 5.66826915e+00 7.75749812e-02 1.00103165e-01 7.81952343e+00 1.80276404e-01 4.60647513e-02 5.23026764e+00 6.46496314e+01 2.37990310e-07 1.34149367e-05 2.39790875e-08 3.29032524e-06 2.64594082e-03 3.12079434e-07 3.78663316e-06 2.63125259e-08 5.71235833e-05 1.18643294e-05 2.23757734e-05 1.20341408e-06 4.51844573e-06 1.65522464e-07 9.52297803e-08 6.73733914e-06 5.92576682e-01 7.43409218e-06
gen1754perm26 1.0703466911426143 9.14932771e-02 2.40567496e-02 7.90571438e-02 1.98170439e+00 1.82481803e-02 4.66742167e-03 2.11289996e+00 1.27124249e-02 6.69911869e-01 2.02078687e-01 7.97465587e+00 4.91577783e+00 7.75749812e-02 9.43581859e-02 7.32621598e+00 1.82114797e-01 4.60647513e-02 4.99486261e+00 6.62446142e+01 2.18077068e-07 1.34539790e-05 2.44317901e-08 3.29032524e-06 2.60230208e-03 3.06652230e-07 3.78663316e-06 2.19689551e-08 6.31753481e-05 1.18643294e-05 2.33628889e-05 1.16052816e-06 4.49653957e-06 1.66429679e-07 6.28350972e-08 6.73733914e-06 5.92576682e-01 6.92575942e-06
gen1754perm109 1.0709358557621376 8.83393860e-02 2.41823437e-02 8.66787860e-02 1.98170439e+00 1.76312143e-02 4.25109671e-03 2.16046078e+00 1.33274217e-02 7.12225294e-01 1.61956932e-01 7.79892811e+00 5.38867045e+00 7.79236051e-02 8.23237359e-02 8.16679463e+00 1.95918443e-01 4.60647513e-02 4.99486261e+00 6.87443019e+01 2.13278944e-07 1.34539790e-05 2.39790875e-08 3.51552946e-06 2.60230208e-03 3.33450155e-07 4.07689555e-06 2.37240668e-08 5.51356892e-05 1.18643294e-05 3.20341053e-05 1.71857611e-06 5.40901925e-06 1.51785573e-07 8.74658656e-08 6.73733914e-06 5.96046995e-01 7.27641180e-06
gen1754perm48 1.0726572798183884 9.14932771e-02 2.42374146e-02 8.66787860e-02 1.98170439e+00 1.82481803e-02 3.63350977e-03 1.92962609e+00 1.33398277e-02 7.14037267e-01 1.65652391e-01 7.80148732e+00 5.66826915e+00 8.25046573e-02 9.43581859e-02 5.49542472e+00 1.93797260e-01 4.60647513e-02 4.99486261e+00 6.63154474e+01 2.13115184e-07 1.34539790e-05 2.56262394e-08 3.29032524e-06 2.64594082e-03 3.64542268e-07 3.97100074e-06 2.98585753e-08 5.94359683e-05 1.28470038e-05 3.28788645e-05 1.14826871e-06 4.92504393e-06 1.56037211e-07 9.53616722e-08 6.91129705e-06 5.92576682e-01 6.92575942e-06
gen1754perm86 1.0731967386507777 9.14932771e-02 2.44270813e-02 8.66787860e-02 1.98170439e+00 1.82481803e-02 4.25109671e-03 2.04797405e+00 1.21576328e-02 6.80370776e-01 1.65652391e-01 7.97465587e+00 4.95776859e+00 7.75749812e-02 9.43581859e-02 6.07937152e+00 1.93797260e-01 4.60647513e-02 4.99486261e+00 6.89994571e+01 2.18077068e-07 1.34539790e-05 2.18752045e-08 3.29032524e-06 2.64594082e-03 3.12079434e-07 4.07882991e-06 2.89683415e-08 5.70026701e-05 1.18643294e-05 2.33628889e-05 1.27722267e-06 4.92504393e-06 1.65522464e-07 8.74658656e-08 6.73733914e-06 5.92576682e-01 6.92575942e-06
gen1754perm122 1.0757323737268438 9.14932771e-02 2.41823437e-02 8.66787860e-02 1.98170439e+00 2.24859503e-02 4.64779495e-03 2.15578397e+00 1.23318633e-02 6.80370776e-01 1.65508142e-01 7.94659602e+00 6.26014077e+00 7.75749812e-02 1.17949831e-01 7.54516279e+00 2.04246248e-01 4.60647513e-02 5.01041655e+00 6.46496314e+01 2.18077068e-07 1.34539790e-05 2.60958798e-08 3.50525550e-06 2.61351680e-03 3.08114231e-07 3.92940628e-06 2.90163310e-08 5.34573573e-05 1.18643294e-05 2.33628889e-05 1.60990761e-06 5.24042417e-06 1.56982308e-07 8.31806367e-08 6.91154817e-06 5.92576682e-01 6.92948806e-06
gen1754perm102 1.0760685549523965 9.14932771e-02 2.41823437e-02 9.43433837e-02 1.98170439e+00 1.82952920e-02 4.25109671e-03 2.04797405e+00 1.35782231e-02 6.80370776e-01 1.65652391e-01 7.97465587e+00 5.21510593e+00 7.75749812e-02 9.24949528e-02 7.81952343e+00 1.95918443e-01 4.57208497e-02 4.94385903e+00 6.47533701e+01 2.18077068e-07 1.26138314e-05 2.39062274e-08 3.29032524e-06 2.60230208e-03 3.32640894e-07 3.84520077e-06 2.31054319e-08 5.92459712e-05 1.25902774e-05 2.90222830e-05 1.65435321e-06 4.92504393e-06 1.65522464e-07 6.22714300e-08 7.36886883e-06 5.92576682e-01 8.32616665e-06
gen1754perm138 1.0769864582903987 9.14932771e-02 2.42374146e-02 8.68467209e-02 1.98170439e+00 2.20477110e-02 4.59100916e-03 2.04797405e+00 1.42948768e-02 7.14037267e-01 1.81471896e-01 7.97465587e+00 6.11016762e+00 7.75749812e-02 1.11029389e-01 6.27695223e+00 1.87752250e-01 4.60647513e-02 5.28940655e+00 6.09223007e+01 1.97847159e-07 1.34539790e-05 2.39790875e-08 3.29032524e-06 2.82583785e-03 3.08114231e-07 3.94929206e-06 2.83280399e-08 5.41169906e-05 1.18643294e-05 2.48548109e-05 1.48172227e-06 4.92504393e-06 1.56037211e-07 8.74658656e-08 6.73733914e-06 5.92576682e-01 6.92575942e-06
gen1754perm103 1.0773870906467511 9.14932771e-02 2.42374146e-02 8.66787860e-02 1.98170439e+00 1.82481803e-02 3.63350977e-03 2.04797405e+00 1.31164147e-02 7.14037267e-01 1.59849309e-01 7.97465587e+00 4.95776859e+00 7.75749812e-02 9.43581859e-02 7.54516279e+00 1.95918443e-01 4.60647513e-02 4.69562437e+00 7.09116497e+01 2.18077068e-07 1.34539790e-05 2.39790875e-08 3.29032524e-06 2.64594082e-03 3.10790196e-07 3.78663316e-06 2.98585753e-08 5.92459712e-05 1.13143104e-05 3.28788645e-05 1.13596361e-06 5.34755673e-06 1.56037211e-07 8.74658656e-08 6.73733914e-06 5.92576682e-01 6.92575942e-06
gen1754perm132 1.0779039076668813 8.45692367e-02 2.42374146e-02 8.66787860e-02 1.98170439e+00 1.54491678e-02 5.06241925e-03 2.04797405e+00 1.42948768e-02 7.26148124e-01 1.79523802e-01 7.94659602e+00 5.60821433e+00 7.75749812e-02 1.11029389e-01 6.71907639e+00 1.95918443e-01 4.60647513e-02 4.99486261e+00 6.46496314e+01 2.18077068e-07 1.23137683e-05 2.39790875e-08 3.29032524e-06 2.72523161e-03 3.08114231e-07 3.84273225e-06 2.89683415e-08 5.85294614e-05 1.18643294e-05 2.15616377e-05 1.16052816e-06 5.97698615e-06 1.65522464e-07 8.74658656e-08 6.10773233e-06 5.92576682e-01 7.45531908e-06
gen1754perm67 1.0816331602955387 9.75324384e-02 2.41823437e-02 8.66787860e-02 1.98170439e+00 1.82481803e-02 4.25109671e-03 2.04797405e+00 1.18609158e-02 6.80370776e-01 1.65652391e-01 7.97465587e+00 4.95776859e+00 7.75749812e-02 8.88408897e-02 6.09103384e+00 1.81786451e-01 4.60647513e-02 5.01224193e+00 6.46496314e+01 2.34055296e-07 1.34539790e-05 2.39790875e-08 3.29032524e-06 2.53183501e-03 3.20212570e-07 3.72008922e-06 2.89683415e-08 5.71235833e-05 1.18643294e-05 2.33628889e-05 1.16052816e-06 4.92504393e-06 1.56282392e-07 8.74658656e-08 6.73733914e-06 5.92576682e-01 6.99577943e-06
gen1754perm76 1.0831721768333848 9.14932771e-02 2.41823437e-02 7.92582488e-02 2.08745238e+00 2.27608287e-02 4.64779495e-03 2.04797405e+00 1.23318633e-02 7.07699208e-01 1.65652391e-01 7.97465587e+00 4.60198247e+00 7.75749812e-02 1.10043318e-01 7.54516279e+00 2.04246248e-01 4.60647513e-02 4.99486261e+00 6.46496314e+01 2.18077068e-07 1.37070498e-05 2.39790875e-08 3.29032524e-06 2.61351680e-03 3.34608613e-07 4.12728211e-06 2.90163310e-08 5.26934835e-05 1.08975183e-05 2.92267231e-05 1.53143991e-06 4.99687374e-06 1.56982308e-07 8.31806367e-08 6.73733914e-06 5.66585299e-01 6.92575942e-06
gen1754perm96 1.0857817645112042 9.14932771e-02 2.42374146e-02 9.00241049e-02 1.98170439e+00 1.82481803e-02 4.22204687e-03 2.04797405e+00 1.09592370e-02 6.80370776e-01 1.65652391e-01 7.97465587e+00 6.19290811e+00 7.75749812e-02 8.62600187e-02 7.69378694e+00 1.87752250e-01 4.60647513e-02 4.66973041e+00 6.70873112e+01 1.97847159e-07 1.36758508e-05 2.39790875e-08 3.29032524e-06 2.77050843e-03 3.10790196e-07 4.07689555e-06 2.75817325e-08 5.71235833e-05 1.18643294e-05 3.36114733e-05 1.10211801e-06 4.74497953e-06 1.56037211e-07 9.13014582e-08 6.73733914e-06 5.92576682e-01 6.92575942e-06
gen1754perm33 1.0862572674704702 9.14932771e-02 2.41823437e-02 8.66787860e-02 1.98170439e+00 1.82481803e-02 4.64779495e-03 2.02891638e+00 1.04386311e-02 6.80370776e-01 1.65652391e-01 7.97465587e+00 4.95776859e+00 7.83824815e-02 9.41021694e-02 7.57668679e+00 2.04719484e-01 4.60647513e-02 4.99486261e+00 6.87443019e+01 2.18077068e-07 1.34539790e-05 2.39790875e-08 3.29032524e-06 2.64594082e-03 3.12079434e-07 4.07689555e-06 2.83280399e-08 5.92459712e-05 1.18643294e-05 2.23804057e-05 1.65435321e-06 4.92504393e-06 1.68091974e-07 9.53616722e-08 6.73733914e-06 5.53179370e-01 6.95820221e-06
gen1754perm101 1.0876116838572059 9.14932771e-02 2.42374146e-02 8.66787860e-02 1.98170439e+00 1.76116717e-02 5.47081439e-03 2.46837272e+00 1.21576328e-02 7.29980263e-01 1.63821487e-01 7.73296454e+00 4.95776859e+00 7.75749812e-02 8.62600187e-02 7.46927845e+00 1.80276404e-01 4.62123911e-02 5.41104680e+00 6.96357890e+01 2.26163240e-07 1.34539790e-05 2.39790875e-08 3.29032524e-06 2.60230208e-03 3.40449551e-07 4.07689555e-06 2.89683415e-08 5.71235833e-05 1.24942054e-05 2.93527174e-05 1.16052816e-06 4.63400891e-06 1.63058130e-07 8.74658656e-08 6.73733914e-06 5.92576682e-01 6.92575942e-06
gen1754perm104 1.0876455006768759 8.68547565e-02 2.38962226e-02 8.41052474e-02 1.98170439e+00 2.13678740e-02 3.63350977e-03 2.04797405e+00 1.29880710e-02 7.34798936e-01 1.65652391e-01 7.97465587e+00 5.16549308e+00 8.13717644e-02 1.16786227e-01 7.79480743e+00 1.80431147e-01 4.81738132e-02 4.88665274e+00 6.63154474e+01 1.98333299e-07 1.34539790e-05 2.39790875e-08 3.29032524e-06 2.44034545e-03 2.87581115e-07 3.78663316e-06 2.69785032e-08 6.52900017e-05 1.18643294e-05 2.23804057e-05 1.02416794e-06 5.19607852e-06 1.76390634e-07 9.53616722e-08 6.73733914e-06 5.92576682e-01 7.34180602e-06
gen1754perm8 1.0894158585495473 9.14932771e-02 2.42374146e-02 8.66787860e-02 1.98170439e+00 1.97195522e-02 3.63350977e-03 2.04797405e+00 1.01212891e-02 7.34798936e-01 1.59849309e-01 7.97465587e+00 4.73898140e+00 7.75749812e-02 8.55334352e-02 7.54516279e+00 1.95918443e-01 4.69400747e-02 4.99486261e+00 6.75929000e+01 2.18077068e-07 1.34539790e-05 2.39790875e-08 3.29032524e-06 2.64594082e-03 2.87581115e-07 3.78663316e-06 2.69785032e-08 5.94359683e-05 1.18291570e-05 2.23804057e-05 1.02416794e-06 4.92504393e-06 1.73782004e-07 8.71412850e-08 6.73733914e-06 5.53437826e-01 6.92575942e-06
gen1754perm141 1.0903141873814723 9.14932771e-02 2.41823437e-02 9.15640776e-02 1.98170439e+00 1.82481803e-02 4.74762986e-03 2.04797405e+00 1.23318633e-02 7.26148124e-01 1.65652391e-01 7.94659602e+00 5.55179413e+00 7.88920680e-02 1.09380591e-01 4.57369667e+00 1.95918443e-01 4.60647513e-02 4.99486261e+00 6.46496314e+01 2.18077068e-07 1.34539790e-05 2.39790875e-08 3.29032524e-06 2.61351680e-03 3.08114231e-07 3.64924805e-06 2.76993118e-08 5.34573573e-05 1.19027300e-05 2.99483846e-05 1.62109350e-06 5.70816004e-06 1.56982308e-07 8.31806367e-08 6.73733914e-06 6.37499670e-01 6.92575942e-06
gen1754perm5 1.0904181157505388 9.14932771e-02 2.41823437e-02 8.37616276e-02 1.98170439e+00 1.82481803e-02 4.25109671e-03 2.04797405e+00 1.21576328e-02 6.72379045e-01 1.65652391e-01 7.97465587e+00 5.13314219e+00 7.75749812e-02 1.17949831e-01 7.57668679e+00 1.95918443e-01 4.60647513e-02 5.37398225e+00 6.70107937e+01 2.10132870e-07 1.34539790e-05 2.39790875e-08 3.29032524e-06 2.61233047e-03 3.12079434e-07 4.07689555e-06 3.12804172e-08 5.71235833e-05 1.18643294e-05 2.33628889e-05 1.71857611e-06 5.53694579e-06 1.65522464e-07 8.74658656e-08 6.57181752e-06 5.92576682e-01 6.92575942e-06
gen1754perm69 1.0907618951080185 9.14932771e-02 2.42374146e-02 8.66787860e-02 1.98170439e+00 1.82481803e-02 4.23427246e-03 1.97280043e+00 1.42504190e-02 6.80370776e-01 1.65652391e-01 7.94659602e+00 4.98318841e+00 7.33058137e-02 9.28375904e-02 7.14088503e+00 1.98994657e-01 4.60647513e-02 5.01069253e+00 6.75929000e+01 2.16254549e-07 1.34539790e-05 2.39790875e-08 3.29032524e-06 2.60230208e-03 3.12079434e-07 3.78663316e-06 2.99296778e-08 5.49530683e-05 1.18247293e-05 3.03010667e-05 1.99237864e-06 6.07745326e-06 1.51959344e-07 8.74658656e-08 6.73733914e-06 6.37944433e-01 6.36849270e-06
gen1754perm65 1.0925946293315967 1.00221144e-01 2.41823437e-02 8.43320782e-02 1.98170439e+00 1.54491678e-02 4.19451988e-03 1.87438592e+00 1.42504190e-02 7.43862750e-01 1.65652391e-01 7.97465587e+00 5.55179413e+00 8.06234777e-02 8.88408897e-02 7.89703810e+00 2.03046461e-01 4.60647513e-02 4.99486261e+00 6.46496314e+01 2.22653124e-07 1.34539790e-05 2.39790875e-08 3.29032524e-06 2.81192153e-03 3.22333818e-07 4.05114527e-06 2.89683415e-08 5.39261371e-05 1.18643294e-05 2.48548109e-05 1.16052816e-06 4.92504393e-06 1.60075354e-07 1.05790640e-07 6.73733914e-06 5.88305107e-01 6.90240276e-06
gen1754perm91 1.0932208336039193 9.90540996e-02 2.41823437e-02 8.66787860e-02 1.98170439e+00 1.76312143e-02 4.64779495e-03 2.06769279e+00 1.42504190e-02 7.14037267e-01 1.73437084e-01 7.94659602e+00 4.91248751e+00 7.10423771e-02 1.16786227e-01 7.54516279e+00 2.21401504e-01 4.60647513e-02 4.99486261e+00 6.55128985e+01 2.34055296e-07 1.34997720e-05 2.36041230e-08 3.29032524e-06 2.81809593e-03 3.06962921e-07 3.91768813e-06 3.10438182e-08 6.23696069e-05 1.18643294e-05 3.05655884e-05 1.87740758e-06 4.77214841e-06 1.65522464e-07 1.05790640e-07 6.73733914e-06 5.92576682e-01 6.90240276e-06
gen1754perm52 1.0932639914105458 9.14932771e-02 2.42374146e-02 8.88082112e-02 1.98170439e+00 1.54491678e-02 4.64779495e-03 2.04797405e+00 1.28955586e-02 7.35969915e-01 1.65652391e-01 7.97465587e+00 5.55179413e+00 7.47373301e-02 9.43581859e-02 7.95315362e+00 1.92587255e-01 4.37328305e-02 5.39620906e+00 6.93360605e+01 2.18077068e-07 1.34539790e-05 2.39790875e-08 3.29032524e-06 2.64594082e-03 3.13076658e-07 4.03864148e-06 2.19689551e-08 5.92459712e-05 1.15997290e-05 2.90222830e-05 1.16052816e-06 4.49653957e-06 1.56282392e-07 6.28350972e-08 6.73733914e-06 5.92576682e-01 6.99280559e-06
gen1754perm30 1.0933898261022728 9.14932771e-02 2.41823437e-02 9.10991042e-02 1.98170439e+00 1.73113645e-02 5.06241925e-03 2.04797405e+00 1.33130932e-02 7.26148124e-01 1.65652391e-01 7.97465587e+00 4.95776859e+00 7.75749812e-02 1.16786227e-01 6.63166376e+00 1.78470939e-01 4.60647513e-02 4.99486261e+00 6.46496314e+01 2.18077068e-07 1.34539790e-05 2.39790875e-08 3.29032524e-06 2.58265303e-03 3.18864274e-07 3.72008922e-06 2.87019551e-08 5.65467806e-05 1.18643294e-05 2.48548109e-05 1.17765031e-06 4.92504393e-06 1.81226729e-07 9.13014582e-08 6.73733914e-06 5.54723290e-01 6.92575942e-06
gen1754perm20 1.0938664355091861 9.14932771e-02 2.42374146e-02 8.62088769e-02 1.95541287e+00 1.79125215e-02 4.66742167e-03 2.18754113e+00 1.28955586e-02 7.31677803e-01 1.90134097e-01 7.97465587e+00 4.95776859e+00 7.75749812e-02 9.43581859e-02 8.19550508e+00 1.95320351e-01 4.60647513e-02 4.99486261e+00 6.20800696e+01 1.96171112e-07 1.32106517e-05 2.39790875e-08 3.29032524e-06 2.64594082e-03 3.13030792e-07 3.92940628e-06 2.19689551e-08 4.71652515e-05 1.18643294e-05 2.90222830e-05 1.53143991e-06 4.28803638e-06 1.80231831e-07 6.28350972e-08 6.58197925e-06 6.39872483e-01 6.76700755e-06
gen1754perm143 1.0965343335706697 9.14932771e-02 2.47762869e-02 8.66787860e-02 2.15530957e+00 2.13678740e-02 3.98499113e-03 1.90979866e+00 1.33398277e-02 6.24072354e-01 1.52207678e-01 7.97465587e+00 5.79381141e+00 6.97904877e-02 1.16786227e-01 5.97480162e+00 1.95918443e-01 4.60647513e-02 4.99486261e+00 6.63154474e+01 1.98333299e-07 1.34539790e-05 2.63583522e-08 3.34980454e-06 2.61152644e-03 3.01606650e-07 3.35922545e-06 2.98585753e-08 6.31753481e-05 1.18643294e-05 2.33628889e-05 1.24614450e-06 5.24042417e-06 1.73296336e-07 8.72328232e-08 6.73733914e-06 6.23510277e-01 7.34180602e-06
gen1754perm75 1.0969653934800956 9.14932771e-02 2.42374146e-02 8.66787860e-02 2.04605518e+00 1.82481803e-02 4.82071116e-03 2.04797405e+00 1.53315960e-02 6.47870915e-01 1.47107636e-01 7.94659602e+00 5.55179413e+00 9.01467845e-02 9.40014621e-02 7.63850191e+00 1.95918443e-01 4.60647513e-02 4.99486261e+00 6.48704794e+01 2.48414646e-07 1.34539790e-05 2.16343510e-08 3.41236107e-06 2.74488660e-03 3.08114231e-07 3.92940628e-06 3.03238532e-08 6.11540362e-05 1.18643294e-05 3.03010667e-05 1.40342830e-06 5.57127059e-06 1.50072697e-07 9.51591854e-08 6.73733914e-06 5.64922434e-01 6.61427732e-06
gen1754perm45 1.0996933089038439 9.14932771e-02 2.41823437e-02 8.62088769e-02 1.98170439e+00 1.96860206e-02 4.57893090e-03 2.04797405e+00 1.21576328e-02 7.26148124e-01 1.65652391e-01 7.97465587e+00 4.95776859e+00 9.01467845e-02 1.17949831e-01 7.57668679e+00 1.95918443e-01 4.95754512e-02 5.46759981e+00 6.63154474e+01 2.09489880e-07 1.34539790e-05 2.39790875e-08 3.29032524e-06 2.58265303e-03 3.08114231e-07 4.07689555e-06 2.89655018e-08 5.92459712e-05 1.18643294e-05 2.33628889e-05 1.71857611e-06 5.46791248e-06 1.52232208e-07 6.28350972e-08 6.73733914e-06 6.04550152e-01 6.71702216e-06
gen1754perm4 1.1004370848060507 9.14932771e-02 2.42374146e-02 8.66787860e-02 1.98170439e+00 1.76312143e-02 4.34561307e-03 2.04797405e+00 1.49077552e-02 8.05827584e-01 1.79523802e-01 7.97465587e+00 5.36395617e+00 8.47868344e-02 1.14271105e-01 7.54516279e+00 2.11369106e-01 4.60647513e-02 4.99486261e+00 6.03516536e+01 2.18077068e-07 1.34539790e-05 2.39790875e-08 3.29032524e-06 2.60230208e-03 3.13076658e-07 3.78663316e-06 2.77229996e-08 5.34285222e-05 1.18643294e-05 3.14565196e-05 1.61437416e-06 4.89632355e-06 1.69179528e-07 9.34212775e-08 6.73733914e-06 6.41745638e-01 6.41960034e-06
gen1754perm41 1.1004383476809312 9.14932771e-02 2.43408161e-02 8.66787860e-02 1.98170439e+00 2.02839210e-02 3.63350977e-03 2.06343774e+00 1.21576328e-02 6.80370776e-01 1.69219851e-01 7.67999608e+00 5.50211382e+00 8.19415488e-02 9.96448574e-02 6.98591261e+00 1.97720993e-01 4.60647513e-02 4.65903691e+00 6.20800696e+01 2.22653124e-07 1.34539790e-05 2.39790875e-08 3.29032524e-06 2.64594082e-03 3.33450155e-07 3.75260760e-06 2.60023603e-08 5.71235833e-05 1.18643294e-05 2.23804057e-05 1.20341408e-06 4.89632355e-06 1.60506734e-07 9.34212775e-08 6.73733914e-06 5.94763235e-01 7.17358372e-06
gen1754perm31 1.1017305858156010 9.14932771e-02 2.41823437e-02 8.66787860e-02 2.01051077e+00 2.13678740e-02 4.25109671e-03 2.04797405e+00 1.21576328e-02 7.26148124e-01 1.52464824e-01 7.94659602e+00 4.95776859e+00 7.75749812e-02 1.13768416e-01 5.95434118e+00 1.95918443e-01 4.60647513e-02 4.99486261e+00 7.07115791e+01 2.01389477e-07 1.33448134e-05 2.39790875e-08 3.29032524e-06 2.60230208e-03 3.12079434e-07 4.07689555e-06 2.89683415e-08 6.26564019e-05 1.11714853e-05 3.20341053e-05 1.65435321e-06 4.92504393e-06 1.72459368e-07 8.74658656e-08 6.73733914e-06 6.50369069e-01 6.92575942e-06
gen1754perm60 1.1120821903034881 9.85240946e-02 2.42374146e-02 9.24517050e-02 1.98170439e+00 1.82481803e-02 4.23427246e-03 2.14782172e+00 1.42504190e-02 6.69911869e-01 1.65652391e-01 7.97465587e+00 4.83184681e+00 7.83824815e-02 9.28375904e-02 6.17135534e+00 1.93797260e-01 4.60647513e-02 5.00718715e+00 6.89994571e+01 2.18077068e-07 1.34539790e-05 2.39790875e-08 3.29032524e-06 2.64594082e-03 3.08571386e-07 4.07689555e-06 2.83280399e-08 5.92459712e-05 1.18643294e-05 2.23804057e-05 1.27722267e-06 6.07745326e-06 1.58150126e-07 8.74658656e-08 6.73733914e-06 5.92576682e-01 6.92575942e-06
gen1754perm61 1.1123286562935615 9.14932771e-02 2.33821712e-02 8.66787860e-02 1.98170439e+00 2.04612306e-02 3.94999755e-03 2.04797405e+00 1.23035771e-02 7.81981259e-01 1.65652391e-01 7.97465587e+00 5.39670732e+00 7.75749812e-02 1.16786227e-01 7.57668679e+00 1.95918443e-01 4.60647513e-02 4.54399014e+00 6.87443019e+01 2.22653124e-07 1.34539790e-05 2.39790875e-08 3.29032524e-06 2.60230208e-03 3.02010451e-07 4.07689555e-06 2.83280399e-08 6.01108250e-05 1.14292157e-05 3.17735047e-05 1.65435321e-06 4.92504393e-06 1.65522464e-07 8.74658656e-08 6.73733914e-06 5.92576682e-01 7.12554637e-06
gen1754perm38 1.1123424931688441 9.85846271e-02 2.23822337e-02 8.89949346e-02 1.98170439e+00 1.69935222e-02 4.64779495e-03 2.04797405e+00 1.16654712e-02 8.14197655e-01 1.65652391e-01 7.97465587e+00 5.70378010e+00 8.56470401e-02 1.21584877e-01 6.09103384e+00 2.03046461e-01 4.60647513e-02 4.99486261e+00 6.82140393e+01 2.37929906e-07 1.34539790e-05 2.29035947e-08 3.29032524e-06 2.73754708e-03 3.13076658e-07 3.78663316e-06 3.01086574e-08 5.34573573e-05 1.18643294e-05 3.24344811e-05 1.71857611e-06 4.92504393e-06 1.51429704e-07 8.71412850e-08 6.73733914e-06 5.92576682e-01 6.61427732e-06
gen1754perm19 1.1145743513766468 9.57627918e-02 2.42374146e-02 8.62088769e-02 1.98170439e+00 1.82481803e-02 4.08856016e-03 2.21481771e+00 1.43714294e-02 8.62124860e-01 1.41012963e-01 7.97465587e+00 5.66826915e+00 7.75749812e-02 1.16786227e-01 7.81952343e+00 1.80276404e-01 4.60647513e-02 4.99486261e+00 6.49315058e+01 2.18077068e-07 1.34149367e-05 2.39790875e-08 3.29032524e-06 2.64594082e-03 3.05887488e-07 3.78663316e-06 2.90163310e-08 5.92459712e-05 1.18643294e-05 2.63573162e-05 1.16052816e-06 4.51844573e-06 1.60975842e-07 8.74658656e-08 6.73733914e-06 5.50479959e-01 6.82705728e-06
gen1754perm88 1.1166618595269753 9.14932771e-02 2.42374146e-02 8.66787860e-02 2.05489580e+00 1.90645029e-02 4.23427246e-03 2.04797405e+00 1.06117759e-02 6.22576534e-01 1.65652391e-01 7.97465587e+00 4.62481726e+00 8.72536798e-02 1.17510902e-01 7.14088503e+00 1.98024362e-01 4.60647513e-02 4.99486261e+00 6.75929000e+01 2.37929906e-07 1.34149367e-05 2.39790875e-08 3.29032524e-06 2.69610183e-03 3.18864274e-07 3.72008922e-06 3.03238532e-08 5.49530683e-05 1.18291570e-05 3.03010667e-05 1.71857611e-06 4.92504393e-06 1.52138003e-07 8.74658656e-08 7.11557835e-06 6.47374924e-01 6.92575942e-06
gen1754perm136 1.1203161504577399 8.39245836e-02 2.40567496e-02 8.42985876e-02 1.98170439e+00 1.85557009e-02 4.61195808e-03 2.24582387e+00 1.15829031e-02 6.67556274e-01 1.63758857e-01 7.97465587e+00 4.95776859e+00 7.15313899e-02 8.88408897e-02 6.09103384e+00 1.82352778e-01 4.60647513e-02 4.99486261e+00 6.33348239e+01 2.11502249e-07 1.34539790e-05 2.39790875e-08 3.20179214e-06 2.60230208e-03 3.12079434e-07 3.80441034e-06 2.87409413e-08 6.31753481e-05 1.18643294e-05 3.34964571e-05 1.33704474e-06 4.56106881e-06 1.54485631e-07 9.83597917e-08 6.73733914e-06 5.92576682e-01 7.12447761e-06
gen1754perm68 1.1215323007928435 8.63609592e-02 2.41823437e-02 8.66787860e-02 1.98170439e+00 2.24859503e-02 3.98499113e-03 2.04797405e+00 1.33398277e-02 6.24573754e-01 1.65652391e-01 7.94659602e+00 5.55179413e+00 8.22122234e-02 1.17949831e-01 7.57668679e+00 1.95918443e-01 4.25764702e-02 4.99486261e+00 6.46496314e+01 2.18077068e-07 1.34539790e-05 2.39790875e-08 3.29032524e-06 2.60230208e-03 3.12079434e-07 4.05521149e-06 2.89683415e-08 5.65467806e-05 1.18643294e-05 2.48548109e-05 1.71857611e-06 5.24042417e-06 1.65522464e-07 8.72328232e-08 6.73733914e-06 6.21191468e-01 6.92575942e-06
gen1754perm39 1.1237557220808887 9.14932771e-02 2.42374146e-02 8.62088769e-02 1.98170439e+00 1.76312143e-02 5.24820434e-03 2.22949312e+00 1.33274217e-02 6.54959370e-01 1.65652391e-01 7.97465587e+00 5.49937376e+00 8.74482561e-02 8.23237359e-02 7.81952343e+00 1.93797260e-01 4.38631374e-02 4.57071942e+00 6.20800696e+01 2.14346656e-07 1.34539790e-05 2.39790875e-08 3.29032524e-06 2.51945468e-03 3.13076658e-07 4.04726352e-06 2.91124761e-08 6.26564019e-05 1.18643294e-05 3.05655884e-05 1.71857611e-06 4.92504393e-06 1.75598765e-07 8.77524020e-08 6.73733914e-06 5.92576682e-01 7.34180602e-06
gen1754perm53 1.1351879859812741 9.14932771e-02 2.22978924e-02 8.66787860e-02 1.98170439e+00 1.82481803e-02 3.98499113e-03 2.04797405e+00 1.24693917e-02 6.59130646e-01 1.72551420e-01 7.85276921e+00 4.95776859e+00 7.98388329e-02 1.09133031e-01 7.66507680e+00 1.75989566e-01 4.60647513e-02 4.50924222e+00 6.43063922e+01 2.18077068e-07 1.34539790e-05 2.39790875e-08 3.29032524e-06 2.60230208e-03 3.15160225e-07 3.90271245e-06 2.51172047e-08 5.85294614e-05 1.18643294e-05 2.33628889e-05 1.71857611e-06 4.92504393e-06 1.65522464e-07 8.74658656e-08 6.73733914e-06 5.92576682e-01 6.92575942e-06
gen1754perm94 1.1379425887111096 9.14932771e-02 2.41823437e-02 8.66787860e-02 1.98170439e+00 1.80979276e-02 3.91542981e-03 1.85149829e+00 1.04386311e-02 6.69911869e-01 1.65652391e-01 7.97465587e+00 4.91248751e+00 7.75749812e-02 9.43581859e-02 6.07937152e+00 1.95918443e-01 4.79594640e-02 4.51541898e+00 6.55128985e+01 2.24234158e-07 1.34539790e-05 2.39790875e-08 3.29032524e-06 2.66513532e-03 3.64542268e-07 3.92164840e-06 2.71544617e-08 5.92459712e-05 1.18643294e-05 2.23804057e-05 1.08284923e-06 4.92504393e-06 1.73296336e-07 9.92156625e-08 7.28794777e-06 5.92576682e-01 6.67725264e-06
gen1754perm121 1.1389462706063489 9.14932771e-02 2.41823437e-02 8.66787860e-02 1.98170439e+00 1.82481803e-02 4.25109671e-03 2.04797405e+00 1.21576328e-02 6.95393616e-01 1.50758334e-01 7.97465587e+00 5.55179413e+00 9.01467845e-02 1.09380591e-01 7.57668679e+00 1.95918443e-01 4.60647513e-02 4.49542513e+00 6.46496314e+01 2.18077068e-07 1.39542078e-05 2.39790875e-08 3.29032524e-06 2.60230208e-03 3.12079434e-07 4.07689555e-06 3.09868253e-08 5.71235833e-05 1.18643294e-05 2.92267231e-05 1.65512332e-06 4.95531470e-06 1.56282392e-07 8.72328232e-08 6.73733914e-06 5.92576682e-01 6.92575942e-06
gen1754perm71 1.1585334655983208 9.14932771e-02 2.41823437e-02 8.66787860e-02 1.95042413e+00 1.70400645e-02 4.64779495e-03 2.15770612e+00 1.52250551e-02 7.26148124e-01 1.72919786e-01 7.94659602e+00 5.55179413e+00 7.20661758e-02 8.91349385e-02 7.89703810e+00 1.95918443e-01 4.60647513e-02 5.15762456e+00 7.01354029e+01 2.19599505e-07 1.34539790e-05 2.38868187e-08 3.06766359e-06 2.60230208e-03 3.13076658e-07 4.04144285e-06 2.89683415e-08 5.71235833e-05 1.12997785e-05 2.48548109e-05 1.24614450e-06 4.77127051e-06 1.32050970e-07 1.01502017e-07 6.73702851e-06 5.44625041e-01 7.07849434e-06
gen1754perm1 1.1710240781767063 9.54930716e-02 2.66882569e-02 8.66787860e-02 1.98170439e+00 2.13678740e-02 4.25109671e-03 1.80140931e+00 1.21186684e-02 6.76468209e-01 1.65508142e-01 7.97465587e+00 5.79381141e+00 1.11623815e-01 1.17949831e-01 7.54516279e+00 1.95918443e-01 4.60647513e-02 5.39599441e+00 6.33348239e+01 1.98333299e-07 1.26597723e-05 2.31072632e-08 3.29032524e-06 2.60230208e-03 2.95287605e-07 3.77822078e-06 2.98585753e-08 5.58690430e-05 1.18643294e-05 2.33628889e-05 1.63315657e-06 5.24042417e-06 1.56037211e-07 8.72328232e-08 6.36969499e-06 5.92576682e-01 7.95464168e-06
gen1754perm125 1.1820166359847861 8.29079014e-02 2.41823437e-02 7.89851377e-02 2.08183732e+00 1.87930197e-02 3.63350977e-03 2.04797405e+00 1.01212891e-02 6.25620865e-01 1.59849309e-01 7.94659602e+00 5.03118133e+00 7.43647666e-02 8.23450197e-02 8.16679463e+00 1.87452807e-01 4.60647513e-02 4.99486261e+00 6.70107937e+01 2.18077068e-07 1.34539790e-05 2.39790875e-08 3.29032524e-06 2.64594082e-03 3.06113677e-07 4.22914154e-06 2.89683415e-08 5.40822347e-05 1.18291570e-05 2.26859625e-05 1.10177969e-06 4.92504393e-06 1.73782004e-07 9.07652676e-08 6.73733914e-06 5.92576682e-01 7.70809525e-06
