Permutation Chi-Sq km10__FREE km11__FREE km12__FREE km13__FREE km14__FREE km15__FREE km16__FREE km17__FREE km18__FREE km19__FREE km1__FREE km20__FREE km21__FREE km22__FREE km23__FREE km24__FREE km2__FREE km3__FREE km9__FREE kp10__FREE kp11__FREE kp12__FREE kp13__FREE kp14__FREE kp15__FREE kp17__FREE kp18__FREE kp19__FREE kp1__FREE kp20__FREE kp21__FREE kp22__FREE kp23__FREE kp24__FREE kp2__FREE kp3__FREE kp9__FREE
gen1554perm46 0.2785118728915985 5.32639689e-02 1.31771448e-02 1.62880504e-01 1.63226108e-01 1.02017610e-01 1.17776754e-01 3.07136995e-03 6.23816764e-02 2.13748258e+00 8.78289595e-02 5.50742590e-03 3.96149827e-02 2.63469745e-01 8.07004933e-01 6.08602369e-03 1.32424850e-03 2.99032383e-01 7.09272344e-01 2.01051543e+01 9.02975532e-07 3.24102006e-05 3.02654333e-08 1.04608133e-04 3.45315271e+00 2.36778912e-08 3.31535292e-06 1.61948243e-08 5.45053320e-07 9.74028910e-05 9.06455469e-09 8.14691052e-08 1.46196393e-08 3.47819934e-06 4.26897182e-04 1.60371158e-05 9.21049661e-02 1.01160066e-08
gen1554perm134 0.2785731482168326 5.32639689e-02 1.15562615e-02 1.69490686e-01 1.46918883e-01 1.12017929e-01 1.21333416e-01 3.04429595e-03 7.01576616e-02 2.57457091e+00 8.70422477e-02 4.77501265e-03 3.78494460e-02 2.56510791e-01 8.56869962e-01 8.08842634e-03 1.40521039e-03 2.97757680e-01 7.09272344e-01 2.10126245e+01 9.45159004e-07 3.24102006e-05 3.02749672e-08 1.00513616e-04 2.98341532e+00 2.42965952e-08 3.31535292e-06 1.94497980e-08 5.13915521e-07 9.54339429e-05 1.08325997e-08 6.95737032e-08 1.16175246e-08 3.72148321e-06 4.72161874e-04 1.60371158e-05 9.21049661e-02 1.21545106e-08
gen1554perm127 0.2788177417674466 5.32639689e-02 1.19988721e-02 1.67365976e-01 1.65441853e-01 1.05254856e-01 1.15096069e-01 3.02577367e-03 6.84325380e-02 2.39107119e+00 8.78289595e-02 4.97019492e-03 3.78494460e-02 2.63469745e-01 8.56869962e-01 7.68055349e-03 1.42476587e-03 2.97757680e-01 7.11045011e-01 2.22034814e+01 1.17705544e-06 3.24102006e-05 3.02654333e-08 1.01861744e-04 3.22515409e+00 2.47197845e-08 3.35984858e-06 1.75124497e-08 5.13915521e-07 1.14886347e-04 1.06940793e-08 7.61330643e-08 1.06988251e-08 3.57894442e-06 4.51839046e-04 1.61160563e-05 9.21049661e-02 1.12101961e-08
gen1554perm10 0.2789674825109734 5.28218233e-02 1.30192075e-02 1.66044631e-01 1.53619089e-01 9.42125616e-02 1.15038108e-01 3.02577367e-03 6.71577872e-02 2.15967722e+00 8.78289595e-02 5.00297009e-03 3.87889228e-02 2.56510791e-01 9.48832028e-01 7.49569684e-03 1.41020703e-03 2.97757680e-01 7.09603935e-01 2.16630371e+01 1.14803549e-06 3.24102006e-05 3.02654333e-08 9.66390489e-05 3.36466900e+00 2.23993536e-08 3.39194049e-06 1.57830854e-08 5.10989173e-07 1.14886347e-04 1.06940793e-08 8.25288236e-08 9.86022470e-09 3.57894442e-06 4.81442368e-04 1.60595098e-05 9.21049661e-02 1.07810274e-08
gen1554perm41 0.2790778481377786 5.25438953e-02 1.19988721e-02 1.66859106e-01 1.65441853e-01 1.04769758e-01 1.17501071e-01 3.02577367e-03 7.11688960e-02 2.25936955e+00 8.78289595e-02 4.98921493e-03 3.89414949e-02 2.63469745e-01 7.74591171e-01 7.88488223e-03 1.32141341e-03 2.97757680e-01 7.09603935e-01 2.20510178e+01 1.05722487e-06 3.20837815e-05 3.03322810e-08 9.72144805e-05 3.64094851e+00 2.42965952e-08 3.31535292e-06 1.75124497e-08 5.02727198e-07 1.06575221e-04 1.09849961e-08 7.61330643e-08 1.22421527e-08 3.60362337e-06 4.60775912e-04 1.60595098e-05 9.21049661e-02 9.96542542e-09
gen1554perm115 0.2794008068835705 5.32639689e-02 1.30192075e-02 1.64091458e-01 1.52090640e-01 1.14583905e-01 1.17501071e-01 3.02577367e-03 7.00286369e-02 2.15967722e+00 8.86158327e-02 5.45483087e-03 3.87889228e-02 2.78968672e-01 1.09583635e+00 7.88488223e-03 1.32424850e-03 2.97757680e-01 7.09603935e-01 2.23452816e+01 1.15702453e-06 3.24102006e-05 3.02654333e-08 1.12783379e-04 3.22515409e+00 2.37108013e-08 3.31535292e-06 1.75124497e-08 5.10989173e-07 8.09694118e-05 9.06455469e-09 7.30991163e-08 1.22421527e-08 3.57917925e-06 4.81035326e-04 1.60595098e-05 9.21049661e-02 1.12122036e-08
gen1554perm114 0.2799743295471009 5.32639689e-02 1.19988721e-02 1.66044631e-01 1.57171022e-01 1.04769758e-01 1.22910957e-01 3.02577367e-03 6.85428103e-02 2.39107119e+00 8.78289595e-02 5.35296635e-03 3.78494460e-02 2.63469745e-01 8.56869962e-01 6.99973830e-03 1.34889233e-03 2.97860847e-01 7.04106783e-01 1.92772662e+01 1.18892849e-06 3.20837815e-05 3.02654333e-08 9.66390489e-05 3.22515409e+00 2.42965952e-08 3.35984858e-06 1.75124497e-08 5.12024436e-07 1.14886347e-04 1.06940793e-08 7.61330643e-08 1.10390276e-08 3.57917925e-06 4.51839046e-04 1.60595098e-05 9.21049661e-02 1.07517725e-08
gen1554perm61 0.2799887141928108 5.32639689e-02 1.19988721e-02 1.61988924e-01 1.45260270e-01 1.04769758e-01 1.23356885e-01 3.22436190e-03 7.70447518e-02 2.26127576e+00 8.58202763e-02 5.26403831e-03 4.12336067e-02 2.56510791e-01 8.07004933e-01 7.54354518e-03 1.32424850e-03 2.97757680e-01 7.09603935e-01 2.11367928e+01 1.12271391e-06 3.24102006e-05 3.02654333e-08 1.04608133e-04 3.39263558e+00 2.15572936e-08 3.31535292e-06 1.67522917e-08 5.45053320e-07 1.14886347e-04 8.30665743e-09 7.91304993e-08 9.86022470e-09 3.57917925e-06 4.51839046e-04 1.60371158e-05 9.21049661e-02 9.62957476e-09
gen1554perm51 0.2801278690128199 5.32639689e-02 1.30192075e-02 1.67365976e-01 1.93439973e-01 1.07084029e-01 1.23356885e-01 3.02577367e-03 6.56280403e-02 2.13416287e+00 8.78289595e-02 5.26403831e-03 3.87889228e-02 2.56510791e-01 1.07604854e+00 7.92233418e-03 1.26335343e-03 2.99032383e-01 7.09603935e-01 2.16630371e+01 9.19205150e-07 3.24102006e-05 3.02654333e-08 9.49722480e-05 3.05105403e+00 2.13746889e-08 3.35984858e-06 1.82605525e-08 5.10989173e-07 1.14886347e-04 1.11480284e-08 7.76649320e-08 9.86022470e-09 3.57917925e-06 4.68644095e-04 1.60371158e-05 9.21049661e-02 1.01160066e-08
gen1554perm3 0.2803196249438302 5.28218233e-02 1.30192075e-02 1.67365976e-01 1.68421416e-01 1.07084029e-01 1.23356885e-01 3.02577367e-03 8.35611380e-02 2.25266766e+00 8.86158327e-02 5.24544966e-03 3.78494460e-02 2.63469745e-01 1.09583635e+00 6.99973830e-03 1.45148254e-03 2.97757680e-01 7.09272344e-01 2.25599846e+01 1.15702453e-06 3.24102006e-05 3.02654333e-08 1.00513616e-04 2.95780200e+00 2.42965952e-08 3.31535292e-06 1.94497980e-08 5.52311324e-07 8.09694118e-05 8.26091846e-09 7.95744005e-08 1.02416985e-08 3.57917925e-06 4.72161874e-04 1.60371158e-05 9.21049661e-02 1.05299756e-08
gen1554perm138 0.2804583634048722 5.32639689e-02 1.19624312e-02 1.61767081e-01 1.46604435e-01 1.14583905e-01 1.23356885e-01 3.02577367e-03 5.87986040e-02 2.19903954e+00 8.78289595e-02 5.35453532e-03 3.86899992e-02 2.56038507e-01 8.93360561e-01 5.97451704e-03 1.59543124e-03 2.97757680e-01 7.11375820e-01 2.01669254e+01 1.04188248e-06 3.24102006e-05 3.02749672e-08 1.00513616e-04 3.01911945e+00 2.32721452e-08 3.45164962e-06 1.94358711e-08 5.86794585e-07 8.70173469e-05 8.45530067e-09 6.95737032e-08 1.01428610e-08 3.72148321e-06 4.96823492e-04 1.60371158e-05 9.21049661e-02 1.03016768e-08
gen1554perm24 0.2804730929463149 5.37335197e-02 1.19084513e-02 1.67404043e-01 1.64958608e-01 1.06934238e-01 1.20082229e-01 3.02577367e-03 6.71577872e-02 2.15967722e+00 8.78289595e-02 5.35453532e-03 3.78494460e-02 2.56510791e-01 1.09583635e+00 7.49569684e-03 1.31437284e-03 2.97757680e-01 7.11045011e-01 2.21388383e+01 1.17705544e-06 3.38064704e-05 3.00967308e-08 1.04608133e-04 3.47615424e+00 2.38057589e-08 3.31535292e-06 1.75124497e-08 5.10989173e-07 1.14886347e-04 1.16994149e-08 8.25288236e-08 9.86022470e-09 3.57917925e-06 4.81442368e-04 1.60595098e-05 9.21049661e-02 1.01512959e-08
gen1554perm48 0.2804959421267646 5.32639689e-02 1.30192075e-02 1.59764480e-01 1.64958608e-01 1.01764075e-01 1.23356885e-01 3.02577367e-03 6.85428103e-02 2.08854901e+00 8.78289595e-02 5.32033578e-03 4.05672755e-02 2.59830993e-01 1.07604854e+00 7.92233418e-03 1.41020703e-03 2.99032383e-01 7.09272344e-01 2.03193563e+01 1.17705544e-06 3.24102006e-05 3.02654333e-08 9.36217542e-05 3.22515409e+00 2.59737515e-08 3.31535292e-06 1.94497980e-08 5.10989173e-07 1.21140660e-04 9.11768614e-09 8.35026880e-08 1.22896857e-08 3.61674514e-06 4.48879825e-04 1.60595098e-05 9.21049661e-02 1.01160066e-08
gen1554perm19 0.2807321166149789 5.32639689e-02 1.30192075e-02 1.59764480e-01 1.69576542e-01 1.25551171e-01 1.19707539e-01 3.02577367e-03 7.00286369e-02 2.15967722e+00 8.93292753e-02 5.35453532e-03 3.78494460e-02 2.54647442e-01 1.09583635e+00 6.08602369e-03 1.52488977e-03 2.99032383e-01 7.09603935e-01 2.16630371e+01 1.27365180e-06 3.20837815e-05 3.00967308e-08 1.04608133e-04 3.37334704e+00 2.20983101e-08 3.35984858e-06 1.75124497e-08 5.10989173e-07 9.07747365e-05 9.06455469e-09 8.25288236e-08 8.61281013e-09 3.57917925e-06 4.69660302e-04 1.60595098e-05 9.21049661e-02 1.36797512e-08
gen1554perm38 0.2807518950275019 5.32639689e-02 1.19000188e-02 1.66044631e-01 1.63226108e-01 1.15773405e-01 1.26507995e-01 3.22667856e-03 6.05231024e-02 2.37411536e+00 8.78289595e-02 5.13097826e-03 3.82577014e-02 2.46869844e-01 8.56869962e-01 6.08602369e-03 1.52488977e-03 2.97757680e-01 7.11045011e-01 2.21388383e+01 1.14893227e-06 3.20358917e-05 3.02654333e-08 9.66390489e-05 3.22515409e+00 2.50177081e-08 3.30826132e-06 1.58463819e-08 5.06391809e-07 8.42786295e-05 1.18290543e-08 7.06215525e-08 1.43913753e-08 3.56501788e-06 4.26227944e-04 1.52377597e-05 9.21049661e-02 9.51195999e-09
gen1554perm77 0.2807818054974068 5.20268037e-02 1.27895669e-02 1.67365976e-01 1.52090640e-01 1.04769758e-01 1.21333416e-01 3.02577367e-03 7.00286369e-02 2.44667416e+00 8.86158327e-02 4.77501265e-03 3.78494460e-02 2.59830993e-01 8.56869962e-01 7.40888192e-03 1.40521039e-03 3.09248977e-01 7.09272344e-01 2.10126245e+01 9.19130895e-07 3.24102006e-05 3.02654333e-08 9.35699687e-05 3.47732780e+00 2.71742566e-08 3.31535292e-06 1.94497980e-08 5.13915521e-07 9.94170327e-05 1.11871952e-08 8.07775091e-08 1.10390276e-08 3.72074039e-06 4.40533319e-04 1.60371158e-05 9.21049661e-02 1.03016768e-08
gen1554perm37 0.2810626389690618 5.32639689e-02 1.28103196e-02 1.66044631e-01 1.49374136e-01 1.34055513e-01 1.13322130e-01 3.02577367e-03 6.85428103e-02 2.36365381e+00 8.78289595e-02 4.66787127e-03 3.78494460e-02 2.62013758e-01 8.56869962e-01 6.99973830e-03 1.35503515e-03 2.97757680e-01 7.09272344e-01 2.10126245e+01 1.22759053e-06 3.24102006e-05 2.94848187e-08 1.04608133e-04 3.63451319e+00 2.34089880e-08 3.31487194e-06 1.72762083e-08 5.45053320e-07 1.26330972e-04 9.06455469e-09 7.21183202e-08 1.25171433e-08 3.61674514e-06 4.83171853e-04 1.60371158e-05 9.21049661e-02 9.53725847e-09
gen1554perm81 0.2811731801810484 5.32639689e-02 1.23314550e-02 1.61923910e-01 1.45531347e-01 1.07084029e-01 1.17501071e-01 3.02577367e-03 6.50430022e-02 2.23226831e+00 8.78289595e-02 5.27200705e-03 3.78494460e-02 2.49486660e-01 8.07004933e-01 7.92233418e-03 1.45148254e-03 2.97757680e-01 7.09603935e-01 1.80567297e+01 1.08146448e-06 3.24102006e-05 3.02654333e-08 1.12632767e-04 3.14009456e+00 2.13449361e-08 3.28720296e-06 1.94497980e-08 5.28200890e-07 1.06575221e-04 1.18630600e-08 7.30991163e-08 1.09199091e-08 3.57917925e-06 4.41748439e-04 1.60371158e-05 9.21049661e-02 1.08042223e-08
gen1554perm44 0.2815067693786469 5.38326889e-02 1.23314550e-02 1.67365976e-01 1.46604435e-01 1.07084029e-01 1.23356885e-01 3.02577367e-03 6.50430022e-02 2.21908533e+00 8.89886375e-02 5.07437416e-03 3.87889228e-02 2.56510791e-01 8.83297821e-01 7.92233418e-03 1.26335343e-03 2.97757680e-01 7.09272344e-01 2.25599846e+01 1.08146448e-06 3.41979867e-05 3.02654333e-08 1.12632767e-04 2.95780200e+00 2.16912351e-08 3.45164962e-06 1.82605525e-08 5.10989173e-07 8.53043282e-05 1.18630600e-08 7.30991163e-08 1.09199091e-08 3.57917925e-06 4.58798114e-04 1.59295090e-05 9.21049661e-02 1.21443741e-08
gen1554perm76 0.2817566113336366 5.32639689e-02 1.19988721e-02 1.57194194e-01 1.52090640e-01 1.17055654e-01 1.23356885e-01 3.07994319e-03 7.00286369e-02 2.39107119e+00 8.79762442e-02 5.35296635e-03 3.87889228e-02 2.56510791e-01 1.13272651e+00 6.01466141e-03 1.20662311e-03 2.97757680e-01 7.09603935e-01 1.91265364e+01 1.17705544e-06 3.20837815e-05 3.02654333e-08 1.16805820e-04 3.47732780e+00 2.24898504e-08 3.35984858e-06 1.69407557e-08 5.45053320e-07 1.12648559e-04 9.06455469e-09 8.38863744e-08 9.86022470e-09 3.57917925e-06 4.85167696e-04 1.60371158e-05 9.21049661e-02 9.94045024e-09
gen1554perm143 0.2817963860052762 5.27345003e-02 1.23314550e-02 1.66044631e-01 1.65441853e-01 1.05254856e-01 1.15096069e-01 3.02577367e-03 6.85428103e-02 2.39107119e+00 8.78289595e-02 4.98921493e-03 3.94297110e-02 2.59830993e-01 8.54141825e-01 7.07906068e-03 1.42476587e-03 2.97757680e-01 7.09272344e-01 1.98737680e+01 1.17677519e-06 3.20837815e-05 3.01162987e-08 1.02743290e-04 3.64094851e+00 2.42965952e-08 3.35984858e-06 1.98693449e-08 4.95931771e-07 1.14886347e-04 7.38207689e-09 8.53530043e-08 1.10390276e-08 3.57894442e-06 4.76943825e-04 1.60595098e-05 9.21049661e-02 1.12101961e-08
gen1554perm130 0.2827821614343157 5.32639689e-02 1.22290483e-02 1.59764480e-01 1.45260270e-01 1.04769758e-01 1.17501071e-01 3.02577367e-03 7.13820168e-02 2.26127576e+00 8.78289595e-02 5.35296635e-03 3.98733166e-02 2.86453821e-01 1.23545432e+00 6.96473247e-03 1.26335343e-03 2.97860847e-01 7.09603935e-01 2.10126245e+01 1.05722487e-06 3.24102006e-05 3.03322810e-08 1.08750460e-04 3.38121892e+00 2.37947456e-08 3.31535292e-06 1.94358711e-08 5.45053320e-07 1.14886347e-04 9.06455469e-09 8.38863744e-08 1.07368696e-08 3.84096555e-06 4.68644095e-04 1.53808005e-05 9.21049661e-02 1.08042223e-08
gen1554perm84 0.2828887292912775 5.44279967e-02 1.09717846e-02 1.67365976e-01 1.36137168e-01 1.04769758e-01 1.18742992e-01 3.04429595e-03 7.38402140e-02 2.39107119e+00 8.78289595e-02 4.77501265e-03 3.78494460e-02 2.63469745e-01 8.56869962e-01 5.86627870e-03 1.45148254e-03 2.97757680e-01 7.09272344e-01 2.10126245e+01 9.45678480e-07 3.42618906e-05 3.01162987e-08 9.35699687e-05 3.23896259e+00 2.71742566e-08 3.17736778e-06 1.83888644e-08 5.75011123e-07 9.68154695e-05 1.06940793e-08 8.44724723e-08 1.22421527e-08 3.72074039e-06 4.40533319e-04 1.60371158e-05 9.21049661e-02 1.03016768e-08
gen1554perm100 0.2832086447015507 5.32639689e-02 1.19988721e-02 1.61988924e-01 1.46604435e-01 1.28313955e-01 1.23356885e-01 3.02577367e-03 6.07678573e-02 2.19903954e+00 8.78289595e-02 5.35453532e-03 3.87889228e-02 2.56038507e-01 1.07604854e+00 6.01466141e-03 1.35818011e-03 2.97757680e-01 7.09272344e-01 1.82720716e+01 1.07322150e-06 3.20837815e-05 3.02654333e-08 8.93974627e-05 3.32273130e+00 2.32721452e-08 3.19384810e-06 2.11480717e-08 5.10989173e-07 1.12648559e-04 1.11480284e-08 7.17464113e-08 9.86022470e-09 3.72148321e-06 4.77007671e-04 1.60371158e-05 9.21049661e-02 1.06937657e-08
gen1554perm123 0.2833775952798376 5.32639689e-02 1.09717846e-02 1.67365976e-01 1.85423445e-01 1.04769758e-01 1.15369985e-01 3.17645677e-03 8.11054339e-02 2.39107119e+00 8.78289595e-02 5.35296635e-03 3.78494460e-02 2.85048381e-01 8.56869962e-01 7.40888192e-03 1.52488977e-03 2.97757680e-01 7.09272344e-01 2.10126245e+01 8.49427439e-07 2.95324649e-05 3.01180060e-08 8.82053692e-05 3.47732780e+00 2.22187039e-08 3.31535292e-06 1.94497980e-08 5.17756923e-07 9.54339429e-05 9.06455469e-09 8.25288236e-08 1.10390276e-08 3.61674514e-06 4.65654882e-04 1.60371158e-05 9.21049661e-02 9.51195999e-09
gen1554perm119 0.2835630766561110 5.32639689e-02 1.19988721e-02 1.67365976e-01 1.64958608e-01 1.04769758e-01 1.04580114e-01 3.02577367e-03 7.20785867e-02 2.39107119e+00 8.29780553e-02 5.35296635e-03 3.87889228e-02 2.59830993e-01 9.76542439e-01 7.92233418e-03 1.51502582e-03 2.97757680e-01 7.09272344e-01 1.95175745e+01 1.18502136e-06 3.15976329e-05 3.02654333e-08 1.04608133e-04 3.22515409e+00 2.31148996e-08 3.48935960e-06 1.73626406e-08 5.10989173e-07 1.14886347e-04 7.87234851e-09 8.25288236e-08 9.86022470e-09 3.57917925e-06 4.32578955e-04 1.60371158e-05 9.21049661e-02 9.96324542e-09
gen1554perm45 0.2835772903472721 5.32639689e-02 1.25803013e-02 1.53919700e-01 1.52090640e-01 9.64924532e-02 1.17501071e-01 3.02577367e-03 7.09547814e-02 2.16899910e+00 8.78289595e-02 5.26403831e-03 3.98733166e-02 2.39652810e-01 1.15282458e+00 6.08602369e-03 1.35503515e-03 2.97757680e-01 7.09272344e-01 2.03193563e+01 1.21423675e-06 3.30617406e-05 3.02654333e-08 1.10309332e-04 3.22515409e+00 2.37947456e-08 3.45164962e-06 1.75124497e-08 5.98545351e-07 1.14886347e-04 9.45008380e-09 8.38863744e-08 1.22421527e-08 3.52007778e-06 4.68644095e-04 1.60595098e-05 9.21049661e-02 1.12101961e-08
gen1554perm22 0.2836601875786404 5.32639689e-02 1.30192075e-02 1.84129593e-01 1.57171022e-01 1.12338540e-01 1.15768926e-01 3.02577367e-03 6.88694567e-02 1.96404405e+00 8.78289595e-02 5.35296635e-03 3.78494460e-02 2.59830993e-01 8.08431673e-01 8.36801970e-03 1.43049722e-03 2.97757680e-01 7.09603935e-01 2.01051543e+01 9.02975532e-07 3.24102006e-05 3.02654333e-08 1.01861744e-04 3.23896259e+00 2.43648409e-08 3.45164962e-06 1.75124497e-08 5.10989173e-07 1.29938994e-04 7.85933892e-09 8.25288236e-08 1.01083499e-08 3.57917925e-06 4.59103536e-04 1.60371158e-05 9.21049661e-02 1.03016768e-08
gen1554perm80 0.2838899922329954 5.32639689e-02 1.16334180e-02 1.66044631e-01 1.33589440e-01 1.05254856e-01 1.14671790e-01 3.02577367e-03 6.32426020e-02 2.57541995e+00 8.78289595e-02 5.69387053e-03 3.78593059e-02 2.63469745e-01 8.56869962e-01 6.99973830e-03 1.40521039e-03 2.91889618e-01 7.11045011e-01 1.91070661e+01 1.17705544e-06 3.22814246e-05 3.02654333e-08 9.66390489e-05 3.11113253e+00 2.15367234e-08 3.45164962e-06 1.61597385e-08 5.10989173e-07 8.56111648e-05 9.87761026e-09 7.30991163e-08 1.16247261e-08 3.57917925e-06 5.50772764e-04 1.59787120e-05 9.21049661e-02 1.12101961e-08
gen1554perm137 0.2842650037481841 5.32639689e-02 1.07117477e-02 1.52194816e-01 1.51691081e-01 1.07084029e-01 1.23356885e-01 3.02577367e-03 6.82916906e-02 2.19903954e+00 8.86158327e-02 5.35296635e-03 3.78494460e-02 2.82049840e-01 1.07840879e+00 6.70047098e-03 1.37278057e-03 3.23849862e-01 7.09272344e-01 2.16630371e+01 1.07322150e-06 3.24102006e-05 3.02654333e-08 9.42668722e-05 3.78646428e+00 2.62674764e-08 3.20113941e-06 2.11480717e-08 5.10989173e-07 8.09694118e-05 1.11480284e-08 7.35804541e-08 1.05539703e-08 3.84440989e-06 4.65433554e-04 1.76163160e-05 9.21049661e-02 1.17711360e-08
gen1554perm18 0.2842864229822895 5.32639689e-02 1.20240355e-02 1.58930637e-01 1.35855529e-01 1.20738020e-01 1.15369985e-01 3.02577367e-03 7.00286369e-02 2.19903954e+00 8.78289595e-02 5.35453532e-03 4.25614928e-02 2.56038507e-01 1.09583635e+00 6.02438411e-03 1.28033832e-03 2.93280954e-01 7.09272344e-01 2.03193563e+01 1.17705544e-06 3.24102006e-05 3.02654333e-08 1.04608133e-04 3.47732780e+00 2.32721452e-08 3.35984858e-06 1.94497980e-08 5.90624455e-07 1.06575221e-04 1.22545896e-08 7.24012787e-08 9.86022470e-09 3.57917925e-06 4.40533319e-04 1.46906854e-05 9.21049661e-02 1.13082441e-08
gen1554perm17 0.2846790739221908 5.32639689e-02 1.30192075e-02 1.61767081e-01 1.80752231e-01 1.00708778e-01 1.23356885e-01 3.08725696e-03 7.54169547e-02 2.37068551e+00 8.78289595e-02 5.26403831e-03 4.08836627e-02 2.63469745e-01 1.02753442e+00 5.99167853e-03 1.24303206e-03 2.97757680e-01 7.09603935e-01 2.03193563e+01 1.05794825e-06 3.24102006e-05 3.02654333e-08 1.08750460e-04 3.22387968e+00 2.19119692e-08 3.31535292e-06 1.90681948e-08 5.10989173e-07 9.51077542e-05 1.11480284e-08 7.30991163e-08 1.00420676e-08 3.61674514e-06 4.68644095e-04 1.60371158e-05 9.21049661e-02 1.03016768e-08
gen1554perm13 0.2847318045866526 5.06408957e-02 1.32529298e-02 1.67365976e-01 1.23212980e-01 1.13910380e-01 1.15369985e-01 3.08725696e-03 7.00286369e-02 2.19903954e+00 8.86158327e-02 5.35296635e-03 3.87889228e-02 2.63469745e-01 1.13272651e+00 7.88488223e-03 1.25862946e-03 2.97757680e-01 7.09603935e-01 2.12600159e+01 1.15702453e-06 3.24102006e-05 3.02654333e-08 1.08750460e-04 3.47732780e+00 2.40906248e-08 3.31535292e-06 1.69407557e-08 5.04425559e-07 1.26330972e-04 9.06455469e-09 7.30991163e-08 1.03917029e-08 3.61674514e-06 4.40533319e-04 1.60371158e-05 9.21049661e-02 9.65318421e-09
gen1554perm116 0.2848388801038064 5.32639689e-02 1.30192075e-02 1.59764480e-01 1.64958608e-01 1.04769758e-01 1.15369985e-01 2.92670288e-03 7.00286369e-02 2.00546759e+00 8.78289595e-02 5.26403831e-03 4.16867413e-02 2.63469745e-01 8.27644109e-01 7.71546891e-03 1.32424850e-03 2.97757680e-01 7.09603935e-01 2.03193563e+01 1.15702453e-06 3.20837815e-05 3.00967308e-08 1.02941058e-04 3.47732780e+00 2.40663152e-08 3.49397241e-06 1.94497980e-08 5.21477363e-07 1.06575221e-04 9.06455469e-09 8.31561365e-08 1.07820423e-08 3.61674514e-06 4.90673759e-04 1.60371158e-05 9.21049661e-02 1.01160066e-08
gen1554perm96 0.2852415733037451 5.32639689e-02 1.30192075e-02 1.59764480e-01 1.64958608e-01 1.04769758e-01 1.17501071e-01 3.02577367e-03 6.97935227e-02 2.33054051e+00 8.78289595e-02 5.00297009e-03 3.90436709e-02 2.70506491e-01 1.11255691e+00 7.92233418e-03 1.41020703e-03 3.07325253e-01 7.09272344e-01 2.02007765e+01 1.15702453e-06 3.20837815e-05 3.01162987e-08 1.04608133e-04 3.37578026e+00 2.47782380e-08 3.35984858e-06 1.75124497e-08 5.10989173e-07 1.06575221e-04 1.02716864e-08 8.31561365e-08 1.09199091e-08 3.27919307e-06 4.90673759e-04 1.60595098e-05 9.21049661e-02 1.01160066e-08
gen1554perm71 0.2855279153574011 5.32639689e-02 1.21856966e-02 1.61988924e-01 1.85423445e-01 1.25551171e-01 1.23356885e-01 2.98126848e-03 6.77557481e-02 2.21792370e+00 8.78289595e-02 5.00924127e-03 3.87889228e-02 2.56038507e-01 8.56869962e-01 7.21682130e-03 1.28354259e-03 2.97757680e-01 7.09603935e-01 1.95953238e+01 1.17705544e-06 3.24102006e-05 2.92135896e-08 1.04608133e-04 3.47732780e+00 2.60485987e-08 3.31535292e-06 1.75124497e-08 5.16636622e-07 9.07747365e-05 8.43137392e-09 7.80533226e-08 1.17521293e-08 3.61674514e-06 4.68644095e-04 1.60595098e-05 9.21049661e-02 1.17711360e-08
gen1554perm74 0.2856106735138050 5.32639689e-02 1.21856966e-02 1.67365976e-01 1.46918883e-01 1.07084029e-01 1.16549926e-01 3.08532998e-03 5.99967382e-02 2.44990760e+00 8.78289595e-02 5.26403831e-03 3.43634672e-02 2.56510791e-01 8.53956580e-01 8.08842634e-03 1.47919212e-03 3.02972359e-01 7.09272344e-01 2.16630371e+01 9.64045673e-07 3.24102006e-05 2.92845878e-08 9.87549326e-05 3.32273130e+00 2.42965952e-08 3.16667300e-06 1.88688125e-08 5.10989173e-07 9.79078100e-05 8.26091846e-09 6.55954792e-08 1.07820423e-08 3.72148321e-06 4.81035326e-04 1.60371158e-05 9.21049661e-02 1.05964763e-08
gen1554perm65 0.2858368620051577 5.32639689e-02 1.36959985e-02 1.68796865e-01 1.41786933e-01 1.13509862e-01 1.14112758e-01 3.32892628e-03 6.00305517e-02 2.32997135e+00 8.78289595e-02 5.35296635e-03 3.63819344e-02 2.85478889e-01 8.56869962e-01 5.86627870e-03 1.55309861e-03 2.97757680e-01 7.09272344e-01 2.07078756e+01 1.14893227e-06 3.24102006e-05 2.95145466e-08 8.95526243e-05 3.46749053e+00 2.56777562e-08 3.31487194e-06 1.72762083e-08 5.45053320e-07 8.17986738e-05 1.16753276e-08 7.06215525e-08 1.22421527e-08 3.45023812e-06 4.26227944e-04 1.50912875e-05 9.21049661e-02 1.03016768e-08
gen1554perm88 0.2860378796363466 5.32639689e-02 1.19000188e-02 1.54577331e-01 1.55451565e-01 1.04769758e-01 1.14904024e-01 3.02577367e-03 6.85428103e-02 2.30506553e+00 8.78289595e-02 5.03194772e-03 3.87889228e-02 2.59830993e-01 8.56869962e-01 7.19681192e-03 1.41020703e-03 2.98327930e-01 7.09272344e-01 2.10126245e+01 1.17705544e-06 3.20358917e-05 2.89794047e-08 1.04608133e-04 3.27229373e+00 2.47197845e-08 3.53078161e-06 1.75343155e-08 5.10989173e-07 8.75838522e-05 7.46190610e-09 7.30991163e-08 1.06215415e-08 3.57894442e-06 4.78336060e-04 1.60595098e-05 9.21049661e-02 1.12101961e-08
gen1554perm126 0.2861072855939240 5.32639689e-02 1.23034372e-02 1.67365976e-01 1.68421416e-01 1.04769758e-01 1.15369985e-01 3.02577367e-03 7.00286369e-02 2.37411536e+00 8.78289595e-02 5.35296635e-03 3.78494460e-02 2.54647442e-01 1.10805499e+00 6.08602369e-03 1.56781600e-03 3.22657549e-01 7.09272344e-01 2.07756161e+01 1.15702453e-06 3.24102006e-05 3.02654333e-08 1.04608133e-04 3.47732780e+00 2.42965952e-08 3.31535292e-06 1.75124497e-08 5.10989173e-07 1.26330972e-04 9.06455469e-09 8.65672795e-08 8.97312537e-09 3.57894442e-06 4.40533319e-04 1.60371158e-05 9.21049661e-02 9.51195999e-09
gen1554perm63 0.2862685402207979 5.32639689e-02 1.30192075e-02 1.66044631e-01 1.30544631e-01 1.07084029e-01 1.15038108e-01 3.17892144e-03 6.45426735e-02 2.15967722e+00 8.97833341e-02 5.35296635e-03 3.90807610e-02 2.63469745e-01 1.07604854e+00 7.43943868e-03 1.41020703e-03 2.99032383e-01 7.09272344e-01 2.01133289e+01 1.23574757e-06 3.20837815e-05 2.98153244e-08 1.04608133e-04 3.22515409e+00 2.15367234e-08 3.40471910e-06 1.71891810e-08 5.44154780e-07 1.26071481e-04 1.20960445e-08 8.25288236e-08 9.80618535e-09 3.57917925e-06 4.51839046e-04 1.60595098e-05 9.21049661e-02 1.04343696e-08
gen1554perm54 0.2863000848981526 5.32639689e-02 1.30902734e-02 1.66044631e-01 1.57618568e-01 1.25551171e-01 1.14112758e-01 3.02577367e-03 6.85428103e-02 2.37411536e+00 8.67174416e-02 5.44229709e-03 3.78494460e-02 2.59830993e-01 8.56869962e-01 6.91337679e-03 1.57934966e-03 2.97757680e-01 7.09272344e-01 1.97425637e+01 1.17705544e-06 3.46148137e-05 3.02654333e-08 1.08766715e-04 3.47732780e+00 2.47197845e-08 3.45141292e-06 1.75124497e-08 4.64680139e-07 1.14886347e-04 1.13859824e-08 7.30991163e-08 1.01662810e-08 3.61674514e-06 4.71000643e-04 1.48798770e-05 9.21049661e-02 1.12101961e-08
gen1554perm28 0.2863352433122905 5.32639689e-02 1.21856966e-02 1.75394196e-01 1.64958608e-01 1.08735430e-01 1.20082229e-01 3.02577367e-03 6.71577872e-02 2.17965706e+00 8.78289595e-02 5.35453532e-03 4.05672755e-02 2.60438703e-01 1.09583635e+00 7.49569684e-03 1.52488977e-03 2.97757680e-01 7.12014975e-01 2.05517773e+01 1.15702453e-06 3.24102006e-05 3.02654333e-08 1.04608133e-04 3.22965001e+00 2.23993536e-08 3.39194049e-06 1.75124497e-08 5.10989173e-07 9.54339429e-05 1.15145551e-08 8.25288236e-08 1.00505540e-08 3.57917925e-06 4.68644095e-04 1.60595098e-05 9.21049661e-02 1.06186294e-08
gen1554perm53 0.2865118618010951 5.32639689e-02 1.18048517e-02 1.60908856e-01 1.86897986e-01 1.04769758e-01 1.14112758e-01 3.02577367e-03 7.00286369e-02 2.39107119e+00 8.78289595e-02 5.35296635e-03 3.78494460e-02 2.59830993e-01 8.56869962e-01 6.08602369e-03 1.33939695e-03 2.97860847e-01 7.09603935e-01 2.10126245e+01 1.22718402e-06 3.32304880e-05 3.00875504e-08 9.66390489e-05 3.27229373e+00 2.45352514e-08 3.31535292e-06 1.98693449e-08 5.13915521e-07 1.09163710e-04 6.94874407e-09 8.25288236e-08 1.17521293e-08 3.57894442e-06 5.12945598e-04 1.60371158e-05 9.21049661e-02 1.17711360e-08
gen1554perm93 0.2865617789482488 5.32639689e-02 1.21856966e-02 1.66044631e-01 1.85423445e-01 1.24371119e-01 1.32592010e-01 3.02577367e-03 7.00286369e-02 2.37411536e+00 8.52802103e-02 5.42655272e-03 3.87889228e-02 2.54647442e-01 1.07604854e+00 6.08602369e-03 1.41020703e-03 2.74030141e-01 7.09603935e-01 1.94638078e+01 1.17705544e-06 3.24102006e-05 2.98153244e-08 1.00690303e-04 3.47732780e+00 2.56466792e-08 3.08070344e-06 1.75124497e-08 5.10989173e-07 9.38515657e-05 9.06455469e-09 6.73048203e-08 9.80618535e-09 3.57917925e-06 4.72731489e-04 1.60178616e-05 9.21049661e-02 1.17711360e-08
gen1554perm55 0.2866868010616266 5.32639689e-02 1.23314550e-02 1.66044631e-01 1.80752231e-01 1.04769758e-01 1.10394041e-01 3.02577367e-03 6.85428103e-02 2.15967722e+00 8.78289595e-02 5.00297009e-03 3.87889228e-02 2.58872957e-01 1.07604854e+00 6.72669370e-03 1.41020703e-03 2.99032383e-01 7.09272344e-01 1.80567297e+01 1.19705278e-06 3.24102006e-05 3.02654333e-08 9.66390489e-05 3.22515409e+00 2.65518965e-08 3.35984858e-06 2.42745587e-08 5.10989173e-07 1.14119782e-04 8.27493590e-09 8.53244946e-08 9.78187317e-09 3.57917925e-06 4.51839046e-04 1.71285765e-05 9.21049661e-02 1.01160066e-08
gen1554perm8 0.2868173054900742 5.32639689e-02 1.16765854e-02 1.66044631e-01 1.30544631e-01 1.07084029e-01 1.15038108e-01 3.02577367e-03 6.49875459e-02 2.05251291e+00 8.78289595e-02 5.35296635e-03 3.78593059e-02 2.63469745e-01 1.07604854e+00 7.08463551e-03 1.41020703e-03 2.97757680e-01 7.09272344e-01 2.26927247e+01 1.15702453e-06 3.22814246e-05 3.01162987e-08 8.99158010e-05 3.45912635e+00 2.15367234e-08 3.40471910e-06 1.54784260e-08 5.10989173e-07 8.30847561e-05 1.06940793e-08 6.73048203e-08 1.13519572e-08 3.57894442e-06 4.51839046e-04 1.51332211e-05 9.21049661e-02 1.12101961e-08
gen1554perm131 0.2868466686670390 5.32639689e-02 1.19988721e-02 1.68796865e-01 1.41786933e-01 1.23677219e-01 1.14112758e-01 3.07136995e-03 6.85428103e-02 2.39107119e+00 8.78289595e-02 4.95894560e-03 3.95806829e-02 2.85032658e-01 8.56869962e-01 7.92067898e-03 1.41020703e-03 2.97860847e-01 7.09272344e-01 2.07078756e+01 1.15702453e-06 3.24102006e-05 3.01162987e-08 9.90213573e-05 3.31779896e+00 2.56777562e-08 3.45164962e-06 1.75124497e-08 4.27736200e-07 1.14886347e-04 7.68267317e-09 7.34271143e-08 1.22421527e-08 3.66785637e-06 4.40533319e-04 1.60371158e-05 9.21049661e-02 1.03016768e-08
gen1554perm139 0.2868485483155088 5.32639689e-02 1.19988721e-02 1.57194194e-01 1.52090640e-01 1.14583905e-01 1.15369985e-01 3.02577367e-03 6.45426735e-02 2.39107119e+00 8.86158327e-02 5.35296635e-03 3.78494460e-02 2.63469745e-01 1.13272651e+00 7.32550995e-03 1.20662311e-03 2.97757680e-01 7.09603935e-01 2.12600159e+01 1.22309593e-06 3.40317106e-05 3.02654333e-08 1.01861744e-04 3.31779896e+00 2.24898504e-08 3.31535292e-06 1.54698560e-08 5.13915521e-07 1.14886347e-04 9.06455469e-09 7.30991163e-08 1.01662810e-08 3.61674514e-06 4.40533319e-04 1.60371158e-05 9.21049661e-02 1.03016768e-08
gen1554perm23 0.2870726041852131 5.28218233e-02 1.21856966e-02 1.71286927e-01 1.45260270e-01 1.07084029e-01 1.23356885e-01 3.10974530e-03 8.35611380e-02 2.31441248e+00 8.78289595e-02 5.35296635e-03 3.87889228e-02 2.56038507e-01 8.54612929e-01 6.61483075e-03 1.26335343e-03 2.78740061e-01 7.09603935e-01 2.02731098e+01 1.15702453e-06 3.24102006e-05 2.98153244e-08 9.66390489e-05 3.54225890e+00 2.45069640e-08 3.39194049e-06 1.75124497e-08 5.10989173e-07 1.14886347e-04 1.16972231e-08 6.65219001e-08 1.20110825e-08 3.61674514e-06 4.72161874e-04 1.60371158e-05 9.21049661e-02 1.12725617e-08
gen1554perm30 0.2879571007515504 5.32639689e-02 1.13285534e-02 1.66044631e-01 1.76127711e-01 1.20890609e-01 1.12423923e-01 3.11980085e-03 6.44121571e-02 2.39107119e+00 8.78289595e-02 5.35296635e-03 3.63819344e-02 2.54647442e-01 1.05003547e+00 7.92233418e-03 1.42476587e-03 2.99032383e-01 7.09603935e-01 2.12600159e+01 1.15702453e-06 2.91872569e-05 3.00967308e-08 9.54359157e-05 3.38027452e+00 2.56777562e-08 3.35984858e-06 2.09865196e-08 5.10989173e-07 1.16444686e-04 8.26091846e-09 8.25288236e-08 1.22421527e-08 3.61413659e-06 4.83242882e-04 1.60371158e-05 9.21049661e-02 1.25964209e-08
gen1554perm106 0.2879770868695362 5.32639689e-02 1.21856966e-02 1.61767081e-01 1.35855529e-01 1.13910380e-01 1.26273757e-01 3.02577367e-03 7.00286369e-02 2.19903954e+00 8.78289595e-02 5.63121249e-03 3.78494460e-02 2.63469745e-01 8.60403251e-01 7.88488223e-03 1.19638907e-03 2.97757680e-01 7.09272344e-01 2.03193563e+01 1.05384532e-06 3.27578783e-05 3.02654333e-08 1.08750460e-04 3.03626623e+00 2.62674764e-08 3.31535292e-06 1.78943357e-08 5.76961290e-07 1.06575221e-04 9.06455469e-09 6.98207529e-08 1.07820423e-08 3.61674514e-06 4.56211662e-04 1.60371158e-05 9.21049661e-02 1.03016768e-08
gen1554perm98 0.2880836716661921 5.32639689e-02 1.16334180e-02 1.67365976e-01 1.33589440e-01 1.07042317e-01 1.14112758e-01 2.89316371e-03 6.01745230e-02 2.43774362e+00 8.94488672e-02 5.26403831e-03 3.86899992e-02 2.56038507e-01 1.07604854e+00 6.27865588e-03 1.44970671e-03 2.97757680e-01 7.09603935e-01 2.12600159e+01 9.19404640e-07 3.22814246e-05 2.95590822e-08 1.01861744e-04 3.31779896e+00 2.15367234e-08 3.35984858e-06 1.61597385e-08 5.23191359e-07 8.56111648e-05 9.87761026e-09 7.30991163e-08 1.01662810e-08 3.57894442e-06 5.04135851e-04 1.59295090e-05 9.21308293e-02 1.16096222e-08
gen1554perm104 0.2884888372367404 5.32639689e-02 1.21856966e-02 1.54221168e-01 1.85423445e-01 1.07084029e-01 1.16343021e-01 3.02577367e-03 7.00286369e-02 2.19903954e+00 8.78289595e-02 5.46377479e-03 3.87889228e-02 2.58446126e-01 1.09583635e+00 7.92233418e-03 1.21051847e-03 2.97757680e-01 7.09272344e-01 2.16630371e+01 9.19205150e-07 3.06838891e-05 3.02654333e-08 9.87549326e-05 3.32273130e+00 2.13746889e-08 3.16667300e-06 1.90399598e-08 5.50321013e-07 1.36975267e-04 1.11453335e-08 8.08383685e-08 8.96260268e-09 3.61674514e-06 4.40533319e-04 1.61325391e-05 9.21049661e-02 1.17711360e-08
gen1554perm4 0.2886736192258030 5.32639689e-02 1.21856966e-02 1.61923910e-01 1.33589440e-01 9.04565271e-02 1.23356885e-01 3.04429595e-03 6.50430022e-02 2.19903954e+00 8.78289595e-02 5.30780492e-03 3.78494460e-02 2.56510791e-01 8.86580333e-01 7.35562995e-03 1.26335343e-03 2.97757680e-01 6.97970251e-01 2.01669254e+01 1.08146448e-06 3.24102006e-05 2.98153244e-08 1.12632767e-04 3.31779896e+00 1.99914026e-08 3.20113941e-06 1.66659349e-08 5.10989173e-07 8.09694118e-05 1.12424430e-08 7.30991163e-08 9.80618535e-09 3.57917925e-06 4.40533319e-04 1.64602961e-05 9.21049661e-02 1.17711360e-08
gen1554perm117 0.2888126001562613 5.09039274e-02 1.23034372e-02 1.56845418e-01 1.57153922e-01 1.25551171e-01 1.10192744e-01 3.10974530e-03 6.85428103e-02 2.39107119e+00 8.78289595e-02 5.13097826e-03 3.79989714e-02 2.40754411e-01 8.54612929e-01 5.63668150e-03 1.35503515e-03 2.97860847e-01 7.09272344e-01 2.17648988e+01 1.17705544e-06 3.20837815e-05 3.02654333e-08 1.08832616e-04 3.63451319e+00 2.42965952e-08 3.35984858e-06 1.58463819e-08 5.06391809e-07 1.14886347e-04 9.06455469e-09 8.46608656e-08 1.10390276e-08 3.57894442e-06 4.26227944e-04 1.60371158e-05 9.21049661e-02 1.12725617e-08
gen1554perm9 0.2888282188369101 5.32639689e-02 1.23314550e-02 1.59764480e-01 1.40863370e-01 1.07084029e-01 1.13201846e-01 2.90654584e-03 6.52076211e-02 2.12400809e+00 8.78289595e-02 5.35453532e-03 3.57791876e-02 2.79499129e-01 1.09583635e+00 6.72669370e-03 1.35659362e-03 2.97757680e-01 6.70702130e-01 2.16630371e+01 1.15702453e-06 3.20837815e-05 3.00967308e-08 1.04608133e-04 3.22515409e+00 2.59737515e-08 3.59617146e-06 1.69087380e-08 5.10989173e-07 1.14119782e-04 1.16972231e-08 8.48932103e-08 1.09199091e-08 3.57917925e-06 4.35100607e-04 1.61252025e-05 8.69722905e-02 1.26897160e-08
gen1554perm66 0.2898970583091057 5.32639689e-02 1.19000188e-02 1.66044631e-01 1.63226108e-01 1.23677219e-01 1.26507995e-01 3.10974530e-03 6.05231024e-02 2.39107119e+00 8.78289595e-02 4.66787127e-03 3.82577014e-02 2.46869844e-01 8.56869962e-01 6.74321976e-03 1.35503515e-03 2.97757680e-01 7.11045011e-01 2.21388383e+01 1.15702453e-06 3.24102006e-05 2.89820768e-08 9.90213573e-05 3.23896259e+00 2.34089880e-08 3.45164962e-06 1.94497980e-08 5.96196409e-07 1.14886347e-04 1.06940793e-08 7.30991163e-08 1.43913753e-08 3.57917925e-06 4.24569914e-04 1.60371158e-05 9.21049661e-02 9.64222093e-09
gen1554perm135 0.2899655541966059 5.32639689e-02 1.20266792e-02 1.66044631e-01 1.76127711e-01 1.01764075e-01 1.27495290e-01 2.98922879e-03 6.44121571e-02 2.07743087e+00 8.78289595e-02 5.35296635e-03 3.87889228e-02 2.54647442e-01 1.04596245e+00 7.92233418e-03 1.42476587e-03 2.99032383e-01 7.09603935e-01 2.03193563e+01 1.17677519e-06 3.20837815e-05 2.91027252e-08 9.14887667e-05 2.98341532e+00 2.63360140e-08 3.35984858e-06 2.09865196e-08 5.10989173e-07 8.77036396e-05 1.16972231e-08 8.25288236e-08 1.13917009e-08 3.61413659e-06 4.83242882e-04 1.60371158e-05 9.21049661e-02 1.01160066e-08
gen1554perm60 0.2907554023796133 5.23115318e-02 1.19988721e-02 1.61988924e-01 1.35855529e-01 1.17740161e-01 1.26507995e-01 3.04429595e-03 6.45426735e-02 2.06202382e+00 8.78289595e-02 5.17997917e-03 3.82577014e-02 2.46869844e-01 1.07604854e+00 6.99973830e-03 1.41020703e-03 2.97757680e-01 7.12571014e-01 2.21388383e+01 1.14893227e-06 3.24102006e-05 3.02654333e-08 9.35699687e-05 3.22515409e+00 2.34089880e-08 3.31487194e-06 2.11620292e-08 5.45053320e-07 8.42786295e-05 1.22642340e-08 6.73048203e-08 1.14112602e-08 3.57917925e-06 4.26227944e-04 1.60371158e-05 9.21049661e-02 9.53725847e-09
gen1554perm120 0.2914217856754983 5.09921039e-02 1.30192075e-02 1.61988924e-01 1.46604435e-01 1.16318013e-01 1.23356885e-01 3.02577367e-03 6.45426735e-02 2.15967722e+00 8.95909934e-02 5.25462706e-03 3.87889228e-02 2.66061729e-01 1.07604854e+00 7.59336193e-03 1.41020703e-03 2.97757680e-01 7.09603935e-01 2.16630371e+01 1.17705544e-06 3.24102006e-05 3.02654333e-08 1.07812119e-04 3.22515409e+00 2.47197845e-08 3.63946254e-06 1.92791102e-08 5.10989173e-07 1.14886347e-04 9.00302764e-09 7.45682294e-08 9.86022470e-09 3.57917925e-06 4.51839046e-04 1.60371158e-05 9.21049661e-02 1.08636179e-08
gen1554perm91 0.2920238162533935 5.32639689e-02 1.21856966e-02 1.71435429e-01 1.42685460e-01 1.11751068e-01 1.17269357e-01 3.02577367e-03 5.87751645e-02 2.19903954e+00 8.78289595e-02 5.41753532e-03 3.78494460e-02 2.44007821e-01 8.93360561e-01 6.61483075e-03 1.26335343e-03 2.97757680e-01 7.09272344e-01 2.22034814e+01 1.10015064e-06 3.05516683e-05 3.02749672e-08 9.77107457e-05 3.01911945e+00 2.62674764e-08 3.31535292e-06 1.94358711e-08 5.10989173e-07 1.02535461e-04 7.92639080e-09 6.98207529e-08 1.03165035e-08 3.72148321e-06 4.92335115e-04 1.60371158e-05 9.21049661e-02 9.27841285e-09
gen1554perm79 0.2921563478500789 5.32639689e-02 1.10743524e-02 1.42099190e-01 1.49374136e-01 1.27199762e-01 1.13322130e-01 3.02577367e-03 6.45426735e-02 2.53526353e+00 8.94488672e-02 5.13097826e-03 3.78494460e-02 2.59830993e-01 1.01927538e+00 6.08602369e-03 1.34889233e-03 3.26733103e-01 7.09603935e-01 2.12600159e+01 9.43491512e-07 3.20358917e-05 2.95590822e-08 9.87549326e-05 3.22515409e+00 2.08060895e-08 3.45164962e-06 1.75343155e-08 5.45053320e-07 1.14886347e-04 9.11768614e-09 7.61330643e-08 1.22421527e-08 3.57894442e-06 4.51839046e-04 1.60595098e-05 9.21308293e-02 1.16096222e-08
gen1554perm99 0.2923929526444570 5.32639689e-02 1.17303155e-02 1.61923910e-01 1.37960865e-01 1.07084029e-01 1.23356885e-01 3.07994319e-03 6.45426735e-02 1.98063046e+00 8.78289595e-02 5.35296635e-03 4.05947054e-02 2.56510791e-01 1.07604854e+00 5.99167853e-03 1.59543124e-03 2.97757680e-01 7.09272344e-01 2.05795495e+01 1.06697664e-06 3.46960219e-05 3.02654333e-08 1.00513616e-04 3.96993127e+00 2.13746889e-08 3.20113941e-06 2.07747507e-08 5.86794585e-07 8.09694118e-05 8.58698372e-09 8.38863744e-08 1.01428610e-08 3.57917925e-06 4.40625779e-04 1.60595098e-05 9.21049661e-02 1.03016768e-08
gen1554perm90 0.2924243834272311 5.32639689e-02 1.30192075e-02 1.79404182e-01 1.41604241e-01 1.04769758e-01 1.21333416e-01 3.04429595e-03 6.87777726e-02 2.16899910e+00 8.78289595e-02 4.77501265e-03 3.78494460e-02 2.63469745e-01 8.56869962e-01 7.51877147e-03 1.64439055e-03 2.97757680e-01 7.09272344e-01 2.10126245e+01 8.35954719e-07 3.24102006e-05 3.02654333e-08 9.35699687e-05 3.47732780e+00 2.71742566e-08 3.76439542e-06 1.94497980e-08 5.77187078e-07 8.09694118e-05 1.08325997e-08 8.07775091e-08 9.86022470e-09 3.57917925e-06 4.40533319e-04 1.60371158e-05 9.21049661e-02 9.43412804e-09
gen1554perm141 0.2927328324729310 5.56339310e-02 1.30192075e-02 1.59764480e-01 1.80752231e-01 1.05394888e-01 1.15369985e-01 3.02577367e-03 7.00286369e-02 2.19903954e+00 8.78289595e-02 5.34583867e-03 3.78494460e-02 2.56510791e-01 1.07604854e+00 6.96473247e-03 1.51502582e-03 2.97757680e-01 7.09603935e-01 1.98737680e+01 1.28356292e-06 3.24102006e-05 3.02654333e-08 1.04608133e-04 3.47732780e+00 2.11005083e-08 3.05918425e-06 2.12468667e-08 5.45053320e-07 1.26330972e-04 9.06455469e-09 8.13120235e-08 9.86022470e-09 3.57917925e-06 4.62918236e-04 1.68179792e-05 9.21049661e-02 1.17233736e-08
gen1554perm110 0.2927600443728015 5.32639689e-02 1.21856966e-02 1.61988924e-01 1.33589440e-01 1.07084029e-01 1.23356885e-01 3.02577367e-03 6.07678573e-02 2.16899910e+00 8.78289595e-02 5.26403831e-03 3.78494460e-02 2.56510791e-01 8.36653398e-01 6.01466141e-03 1.23739887e-03 2.73734561e-01 7.09272344e-01 2.05795495e+01 9.56659369e-07 3.20837815e-05 3.07891755e-08 9.87549326e-05 3.32273130e+00 2.13746889e-08 3.35984858e-06 2.12732859e-08 5.10989173e-07 9.75092859e-05 8.63703870e-09 8.38863744e-08 9.86022470e-09 3.57917925e-06 4.81035326e-04 1.60595098e-05 8.89283499e-02 1.28910393e-08
gen1554perm128 0.2930505341452929 5.52744309e-02 1.19000188e-02 1.66044631e-01 1.68622603e-01 1.07420565e-01 1.13322130e-01 3.22178722e-03 6.85428103e-02 2.39107119e+00 8.78289595e-02 5.35296635e-03 3.78494460e-02 2.59830993e-01 9.36119516e-01 6.30911707e-03 1.35296482e-03 2.97860847e-01 7.09272344e-01 2.10126245e+01 1.17705544e-06 3.20837815e-05 3.01162987e-08 9.66390489e-05 3.22515409e+00 2.42965952e-08 3.35984858e-06 1.75343155e-08 5.13915521e-07 1.14886347e-04 8.10412601e-09 7.61330643e-08 1.10390276e-08 3.71587554e-06 4.51839046e-04 1.60595098e-05 9.21049661e-02 1.12101961e-08
gen1554perm47 0.2930530767803523 5.32639689e-02 1.32599393e-02 1.61988924e-01 1.35855529e-01 1.04769758e-01 1.32592010e-01 3.02577367e-03 7.54169547e-02 2.16813461e+00 8.78289595e-02 5.35296635e-03 3.87889228e-02 2.60438703e-01 1.07604854e+00 8.04341032e-03 1.52488977e-03 2.96162638e-01 7.28096695e-01 2.30796949e+01 1.17705544e-06 3.30245238e-05 3.06303436e-08 1.04608133e-04 2.98341532e+00 2.63360140e-08 3.03574032e-06 2.09865196e-08 5.46516756e-07 9.54339429e-05 1.13433634e-08 7.80533226e-08 9.86022470e-09 3.57917925e-06 4.68644095e-04 1.60371158e-05 9.21049661e-02 1.32470675e-08
gen1554perm140 0.2940365052834633 5.32639689e-02 1.21856966e-02 1.67365976e-01 1.67827923e-01 1.04769758e-01 1.14112758e-01 3.02577367e-03 7.00286369e-02 2.39107119e+00 8.78289595e-02 4.95894560e-03 3.92076223e-02 2.51371487e-01 8.86580333e-01 7.88488223e-03 1.41020703e-03 2.74935811e-01 7.09603935e-01 2.22034814e+01 1.16189821e-06 3.24102006e-05 3.02654333e-08 1.16805820e-04 3.47732780e+00 2.47197845e-08 3.35984858e-06 1.75124497e-08 5.45053320e-07 8.09694118e-05 7.67340149e-09 7.07612414e-08 1.14340845e-08 3.42946541e-06 4.85167696e-04 1.60371158e-05 9.21049661e-02 9.65318421e-09
gen1554perm35 0.2949757028528795 5.32639689e-02 1.19988721e-02 1.75689410e-01 1.54966880e-01 1.04769758e-01 1.23356885e-01 3.07994319e-03 6.84655434e-02 2.39107119e+00 9.06001708e-02 5.35296635e-03 3.78494460e-02 2.59830993e-01 1.01765908e+00 6.01466141e-03 1.41020703e-03 2.97860847e-01 7.09272344e-01 2.05795495e+01 1.17705544e-06 3.20837815e-05 2.90908066e-08 1.04139420e-04 3.36132154e+00 2.47197845e-08 3.35984858e-06 1.96708903e-08 5.13915521e-07 1.12648559e-04 1.06940793e-08 7.80533226e-08 9.86022470e-09 3.29167625e-06 4.97350888e-04 1.60595098e-05 9.21049661e-02 1.03016768e-08
gen1554perm67 0.2952218854493472 5.32639689e-02 1.39361378e-02 1.66044631e-01 1.68622603e-01 1.13910380e-01 1.14112758e-01 2.94540865e-03 6.84325380e-02 2.23190458e+00 8.78289595e-02 4.97019492e-03 3.78494460e-02 2.89709652e-01 9.04259464e-01 6.99973830e-03 1.23076407e-03 2.97757680e-01 7.09272344e-01 2.22034814e+01 1.15702453e-06 3.24102006e-05 3.02654333e-08 9.66390489e-05 3.22515409e+00 2.47197845e-08 3.01051915e-06 1.75124497e-08 5.13915521e-07 1.14886347e-04 7.67340149e-09 7.61330643e-08 1.06988251e-08 3.61674514e-06 4.16008849e-04 1.60595098e-05 9.21049661e-02 1.12101961e-08
gen1554perm109 0.2971530456488089 5.32639689e-02 1.19988721e-02 1.58026737e-01 1.50938181e-01 1.18227215e-01 1.29061255e-01 3.07994319e-03 6.33450817e-02 2.19903954e+00 8.78289595e-02 5.55473566e-03 3.87889228e-02 2.67596407e-01 1.11979016e+00 6.08602369e-03 1.21051847e-03 2.97757680e-01 7.09272344e-01 2.29173430e+01 1.17705544e-06 3.24102006e-05 3.02654333e-08 9.57594615e-05 3.32273130e+00 2.13746889e-08 3.16667300e-06 1.96708903e-08 5.10989173e-07 1.12648559e-04 1.11480284e-08 6.98207529e-08 1.07994800e-08 3.72148321e-06 4.54247911e-04 1.48525790e-05 9.07781183e-02 1.11040291e-08
gen1554perm6 0.2971674142885461 5.32639689e-02 1.30192075e-02 1.67365976e-01 1.46604435e-01 1.07084029e-01 1.30199648e-01 3.04429595e-03 6.50430022e-02 2.19903954e+00 8.22986020e-02 5.24544966e-03 3.78494460e-02 2.49486660e-01 9.21129771e-01 7.18257557e-03 1.45148254e-03 2.97757680e-01 7.09603935e-01 1.80567297e+01 1.08146448e-06 3.24102006e-05 3.02654333e-08 1.12632767e-04 2.95780200e+00 2.20983101e-08 3.27355883e-06 1.94497980e-08 5.45053320e-07 8.09694118e-05 1.18630600e-08 7.44248192e-08 1.07820423e-08 3.57917925e-06 4.58798114e-04 1.59295090e-05 9.21049661e-02 1.04684524e-08
gen1554perm85 0.2980348488680479 5.28218233e-02 1.16334180e-02 1.50830243e-01 1.33589440e-01 1.14111730e-01 1.23356885e-01 3.02577367e-03 6.56280403e-02 2.13416287e+00 8.86158327e-02 5.82892073e-03 3.63819344e-02 2.56510791e-01 1.23545432e+00 6.61483075e-03 1.32173053e-03 2.97757680e-01 7.09457044e-01 1.91713546e+01 9.42180793e-07 3.24102006e-05 3.02654333e-08 9.98067680e-05 3.47732780e+00 2.11355729e-08 3.22017574e-06 1.82605525e-08 5.10989173e-07 1.11470983e-04 8.26091846e-09 7.39141955e-08 1.14340845e-08 3.61674514e-06 4.72161874e-04 1.60371158e-05 9.21049661e-02 1.08177798e-08
gen1554perm56 0.2986725581488395 5.32639689e-02 1.30192075e-02 1.59764480e-01 1.47245417e-01 9.42125616e-02 1.23356885e-01 3.18797098e-03 6.85428103e-02 2.39107119e+00 8.78289595e-02 5.35453532e-03 3.78494460e-02 2.79499129e-01 9.14991904e-01 7.92233418e-03 1.41020703e-03 3.22123586e-01 7.09603935e-01 2.16630371e+01 1.11762592e-06 3.40944257e-05 3.02654333e-08 1.04608133e-04 3.22515409e+00 2.61708239e-08 3.35984858e-06 2.09316625e-08 5.57846121e-07 1.14886347e-04 9.11768614e-09 7.63573923e-08 1.09199091e-08 3.57894442e-06 4.68644095e-04 1.60595098e-05 9.21049661e-02 1.26897160e-08
gen1554perm59 0.2987556598354567 5.32639689e-02 1.19000188e-02 1.66044631e-01 1.63226108e-01 1.08302673e-01 1.32592010e-01 3.10974530e-03 6.05231024e-02 2.51764403e+00 8.78289595e-02 4.66787127e-03 3.87889228e-02 2.56510791e-01 8.63161902e-01 7.92233418e-03 1.35503515e-03 2.97757680e-01 7.09603935e-01 2.12670543e+01 1.15702453e-06 3.24102006e-05 2.98153244e-08 9.67238477e-05 3.22515409e+00 2.22342240e-08 3.55824767e-06 1.79231109e-08 5.10989173e-07 9.54339429e-05 9.08729422e-09 7.06215525e-08 1.43913753e-08 3.59464785e-06 4.51839046e-04 1.60371158e-05 9.21049661e-02 1.12534884e-08
gen1554perm43 0.2992854262421656 5.32639689e-02 1.30192075e-02 1.59010865e-01 1.53157450e-01 1.07084029e-01 1.23356885e-01 3.01051818e-03 5.89118741e-02 2.19903954e+00 8.78289595e-02 5.24544966e-03 3.78494460e-02 2.49486660e-01 1.09583635e+00 6.99973830e-03 1.54785265e-03 2.97757680e-01 7.09603935e-01 1.80567297e+01 1.05271290e-06 3.20837815e-05 3.00967308e-08 1.00379600e-04 3.47065660e+00 2.20983101e-08 3.20113941e-06 2.06380591e-08 5.45053320e-07 8.00130908e-05 8.33219311e-09 7.20501197e-08 1.16111832e-08 3.90268572e-06 4.41748439e-04 1.60595098e-05 9.09973671e-02 1.04684524e-08
gen1554perm133 0.3007152110664853 5.32639689e-02 1.08483743e-02 1.67365976e-01 1.41604241e-01 1.04769758e-01 1.15768926e-01 3.04429595e-03 6.50878648e-02 2.44990760e+00 8.78289595e-02 5.35296635e-03 3.78494460e-02 2.59830993e-01 1.05429504e+00 7.40888192e-03 1.47919212e-03 2.97757680e-01 7.09272344e-01 2.16630371e+01 9.19130895e-07 3.24102006e-05 3.22086425e-08 9.35699687e-05 3.47732780e+00 2.71742566e-08 3.52419175e-06 1.95076960e-08 4.80480811e-07 9.54339429e-05 8.26091846e-09 8.07775091e-08 1.10390276e-08 3.72074039e-06 4.40533319e-04 1.60371158e-05 9.21049661e-02 1.17711360e-08
gen1554perm89 0.3009047945276817 5.28218233e-02 1.09717846e-02 1.61767081e-01 1.80752231e-01 1.07084029e-01 1.13547600e-01 2.92670288e-03 6.86785016e-02 2.39107119e+00 8.28450875e-02 5.35453532e-03 3.87889228e-02 2.59830993e-01 8.36335402e-01 7.40888192e-03 1.40521039e-03 2.97757680e-01 7.09603935e-01 2.03193563e+01 1.15702453e-06 3.24102006e-05 3.00967308e-08 1.04608133e-04 3.47732780e+00 2.37108013e-08 3.31535292e-06 1.53630153e-08 5.55519163e-07 9.54339429e-05 1.06897927e-08 8.00998384e-08 1.10390276e-08 3.72074039e-06 5.10723618e-04 1.60371158e-05 9.21049661e-02 1.21545106e-08
gen1554perm92 0.3016169722179935 5.32639689e-02 1.21856966e-02 1.80653807e-01 1.35855529e-01 1.07084029e-01 1.32592010e-01 3.04429595e-03 6.06606984e-02 2.12639668e+00 8.78289595e-02 5.35296635e-03 3.78494460e-02 2.56510791e-01 1.14904244e+00 6.99973830e-03 1.26335343e-03 2.97757680e-01 7.09272344e-01 2.16630371e+01 1.07322150e-06 3.49657800e-05 3.02654333e-08 1.06524690e-04 2.94439538e+00 2.42965952e-08 3.67614102e-06 1.94497980e-08 5.10989173e-07 1.14886347e-04 7.89220172e-09 6.88887458e-08 1.16980620e-08 3.57894442e-06 4.81035326e-04 1.60371158e-05 9.21049661e-02 1.17711360e-08
gen1554perm39 0.3018135014818620 5.32639689e-02 1.21856966e-02 1.66044631e-01 1.49374136e-01 1.26728224e-01 1.15369985e-01 3.02577367e-03 7.00286369e-02 2.32950305e+00 8.78289595e-02 5.16260869e-03 3.78494460e-02 2.59830993e-01 8.13500352e-01 6.08602369e-03 1.52488977e-03 2.97757680e-01 7.09272344e-01 1.91160129e+01 1.17705544e-06 3.20358917e-05 2.86745838e-08 1.04608133e-04 3.47732780e+00 2.60485987e-08 3.31535292e-06 1.75124497e-08 5.10989173e-07 9.07747365e-05 1.14343464e-08 7.21183202e-08 1.25682101e-08 3.61674514e-06 4.30776007e-04 1.60595098e-05 9.21049661e-02 1.17711360e-08
gen1554perm26 0.3037692777077002 5.09921039e-02 1.30192075e-02 1.67365976e-01 1.34461555e-01 9.85431827e-02 1.23356885e-01 3.02577367e-03 6.56280403e-02 2.39107119e+00 8.78289595e-02 5.25462706e-03 3.87889228e-02 2.56510791e-01 1.07604854e+00 5.72262355e-03 1.51502582e-03 2.97757680e-01 7.09272344e-01 1.98737680e+01 9.19205150e-07 3.42962824e-05 3.02654333e-08 1.10887843e-04 3.22515409e+00 2.11005083e-08 3.35984858e-06 2.09865196e-08 5.10989173e-07 1.08929342e-04 9.11768614e-09 7.76649320e-08 1.22421527e-08 3.57894442e-06 4.86439421e-04 1.60371158e-05 9.21049661e-02 1.12827404e-08
gen1554perm32 0.3038330932373573 5.32639689e-02 1.30192075e-02 1.64798432e-01 1.35855529e-01 1.05366788e-01 1.08499695e-01 2.75799336e-03 7.01984525e-02 2.19903954e+00 8.78289595e-02 5.26403831e-03 3.83664036e-02 2.40756127e-01 9.48832028e-01 6.02438411e-03 1.21546268e-03 2.97757680e-01 7.09272344e-01 1.95863546e+01 9.54662571e-07 3.24410665e-05 3.02654333e-08 1.04608133e-04 3.47732780e+00 2.13746889e-08 3.02731642e-06 1.77887476e-08 5.90624455e-07 1.19864469e-04 1.11480284e-08 7.30991163e-08 1.07820423e-08 3.52929832e-06 4.21101708e-04 1.60595098e-05 9.21049661e-02 1.03016768e-08
gen1554perm142 0.3043970609460223 5.52499320e-02 1.30192075e-02 1.67365976e-01 1.35855529e-01 1.12382224e-01 1.23356885e-01 3.08725696e-03 7.13820168e-02 2.26127576e+00 8.78289595e-02 5.35296635e-03 3.87889228e-02 2.63469745e-01 1.09583635e+00 7.88488223e-03 1.15700758e-03 3.25684743e-01 7.09603935e-01 2.03193563e+01 1.09702561e-06 3.24102006e-05 3.02654333e-08 1.08750460e-04 3.22515409e+00 2.30832905e-08 3.06318618e-06 1.94497980e-08 5.25030201e-07 1.14045373e-04 8.27493590e-09 7.52469492e-08 9.75128776e-09 3.61674514e-06 4.40533319e-04 1.60371158e-05 9.21049661e-02 1.03016768e-08
gen1554perm49 0.3050766242508415 5.32639689e-02 1.21856966e-02 1.66044631e-01 1.30544631e-01 1.04769758e-01 1.23356885e-01 3.08725696e-03 8.35611380e-02 2.50406602e+00 8.86158327e-02 5.35296635e-03 3.78494460e-02 2.41849910e-01 1.11875055e+00 7.08463551e-03 1.41020703e-03 2.97757680e-01 7.09272344e-01 2.03299660e+01 1.15702453e-06 3.09092392e-05 3.01491381e-08 1.04608133e-04 3.47732780e+00 2.15367234e-08 3.08304218e-06 1.82605525e-08 5.44154780e-07 1.02644333e-04 8.26091846e-09 6.73048203e-08 9.80618535e-09 3.85152361e-06 4.15540835e-04 1.60178616e-05 9.21049661e-02 1.17515754e-08
gen1554perm40 0.3053776616322719 4.93930589e-02 1.21856966e-02 1.81335790e-01 1.85423445e-01 1.25551171e-01 1.09636210e-01 3.02577367e-03 6.85428103e-02 2.37411536e+00 8.78289595e-02 5.19489456e-03 3.78494460e-02 2.54647442e-01 8.56869962e-01 6.08602369e-03 1.28761596e-03 2.97757680e-01 7.09603935e-01 2.10126245e+01 1.28982934e-06 3.39351483e-05 3.01162987e-08 1.02561421e-04 3.14983265e+00 2.50177081e-08 3.53078161e-06 1.68251287e-08 5.10989173e-07 1.04157772e-04 9.06455469e-09 8.25288236e-08 1.19290888e-08 3.74965829e-06 4.81035326e-04 1.60595098e-05 9.21049661e-02 1.17711360e-08
gen1554perm2 0.3055263524903961 5.64483609e-02 1.21856966e-02 1.50474460e-01 1.52090640e-01 1.11611557e-01 1.17501071e-01 3.02577367e-03 7.00286369e-02 2.16899910e+00 8.78289595e-02 5.35296635e-03 3.98733166e-02 2.34809487e-01 8.07004933e-01 6.61483075e-03 1.27329199e-03 2.97757680e-01 7.09457044e-01 2.22034814e+01 1.22849248e-06 3.24102006e-05 3.01905491e-08 9.98067680e-05 3.45315271e+00 2.11355729e-08 3.31535292e-06 1.75124497e-08 5.45053320e-07 1.14886347e-04 9.06455469e-09 8.38863744e-08 1.14340845e-08 3.61674514e-06 4.51839046e-04 1.60371158e-05 9.21049661e-02 1.07495666e-08
gen1554perm70 0.3058796017174369 5.32639689e-02 1.23314550e-02 1.57537384e-01 1.46604435e-01 1.04769758e-01 1.23356885e-01 3.11707051e-03 6.85428103e-02 2.15967722e+00 8.78289595e-02 5.35453532e-03 3.87889228e-02 2.59830993e-01 8.58227144e-01 7.59336193e-03 1.41020703e-03 2.97757680e-01 7.09272344e-01 2.16630371e+01 1.22718402e-06 3.52141014e-05 3.02654333e-08 9.66390489e-05 3.22515409e+00 2.42965952e-08 3.35984858e-06 2.22297674e-08 5.10989173e-07 1.07788521e-04 1.02716864e-08 8.29178319e-08 1.09199091e-08 3.57917925e-06 4.85758411e-04 1.60595098e-05 9.21049661e-02 1.19809366e-08
gen1554perm103 0.3063312303093211 5.32639689e-02 1.23034372e-02 1.67365976e-01 1.29211460e-01 9.66081488e-02 1.29061255e-01 3.02577367e-03 6.33450817e-02 2.59296601e+00 8.78289595e-02 5.35296635e-03 3.78494460e-02 2.74138670e-01 9.15774080e-01 6.08602369e-03 1.45148254e-03 2.97757680e-01 7.09603935e-01 2.03193563e+01 1.17705544e-06 3.24102006e-05 3.02654333e-08 9.49020436e-05 3.47732780e+00 2.13449361e-08 3.51024621e-06 1.94358711e-08 5.10989173e-07 9.00774051e-05 1.04822595e-08 6.98207529e-08 1.07994800e-08 3.72148321e-06 4.54246654e-04 1.60371158e-05 9.21049661e-02 1.17711360e-08
gen1554perm50 0.3067557803332090 5.73282290e-02 1.22885773e-02 1.57194194e-01 1.45260270e-01 1.07084029e-01 1.15038108e-01 3.02577367e-03 6.45426735e-02 2.06202382e+00 8.78289595e-02 5.35296635e-03 3.87889228e-02 2.63469745e-01 1.07604854e+00 6.61483075e-03 1.26335343e-03 2.97757680e-01 7.09457044e-01 2.07479914e+01 1.09874444e-06 3.24102006e-05 2.98153244e-08 9.98067680e-05 3.46554137e+00 2.11355729e-08 3.40471910e-06 1.71891810e-08 5.19458953e-07 1.14886347e-04 1.13557098e-08 6.81729937e-08 1.13432831e-08 3.57894442e-06 4.72161874e-04 1.56600906e-05 9.21049661e-02 1.13060064e-08
gen1554perm31 0.3068112165696379 5.32639689e-02 1.24368819e-02 1.66044631e-01 1.30544631e-01 1.13910380e-01 1.15369985e-01 3.02577367e-03 7.00286369e-02 2.34404502e+00 8.78289595e-02 5.35296635e-03 3.78593059e-02 2.63469745e-01 1.09583635e+00 7.08463551e-03 1.41020703e-03 2.99032383e-01 7.36104811e-01 2.16630371e+01 1.24476994e-06 3.24102006e-05 3.02654333e-08 1.08750460e-04 3.22515409e+00 2.59737515e-08 3.35984858e-06 1.94497980e-08 4.92420196e-07 1.06575221e-04 1.06940793e-08 7.30991163e-08 9.86022470e-09 3.57917925e-06 4.40533319e-04 1.60371158e-05 9.21049661e-02 1.12101961e-08
gen1554perm21 0.3069107204851128 5.32639689e-02 1.19988721e-02 1.45913583e-01 1.64958608e-01 1.12152487e-01 1.23356885e-01 3.02577367e-03 6.45426735e-02 2.19903954e+00 8.78289595e-02 4.86548420e-03 3.87889228e-02 2.67514832e-01 1.07604854e+00 6.99973830e-03 1.41020703e-03 2.81721851e-01 7.09272344e-01 2.16630371e+01 1.17705544e-06 3.31685290e-05 3.02654333e-08 1.04608133e-04 3.22515409e+00 2.49845889e-08 3.35984858e-06 1.63632928e-08 5.45053320e-07 1.10507006e-04 9.11768614e-09 6.95737032e-08 1.01668929e-08 3.57917925e-06 4.40533319e-04 1.60371158e-05 9.21049661e-02 1.12101961e-08
gen1554perm11 0.3079654905465902 5.32639689e-02 1.23314550e-02 1.54895603e-01 1.46604435e-01 8.82353097e-02 1.09050830e-01 3.24236450e-03 5.72727211e-02 2.10170589e+00 8.98940430e-02 5.32293201e-03 3.58702860e-02 2.85343384e-01 8.56869962e-01 7.15012320e-03 1.42476587e-03 2.95031995e-01 7.09272344e-01 1.94065801e+01 1.07322150e-06 3.24102006e-05 2.76532670e-08 1.01861744e-04 3.23896259e+00 2.13449361e-08 3.35984858e-06 2.07584993e-08 5.10989173e-07 8.76789130e-05 8.27493590e-09 8.53244946e-08 1.07994800e-08 3.57917925e-06 4.40533319e-04 1.60371158e-05 9.21049661e-02 1.12101961e-08
gen1554perm7 0.3081251408862402 5.32639689e-02 1.22885773e-02 1.62283114e-01 1.30544631e-01 1.02928206e-01 1.15038108e-01 3.02577367e-03 6.85428103e-02 2.56674733e+00 8.78289595e-02 5.75505083e-03 3.87889228e-02 2.63469745e-01 9.56887099e-01 6.72062545e-03 1.41020703e-03 2.84416996e-01 6.87958945e-01 1.85472496e+01 1.15702453e-06 3.22814246e-05 2.98153244e-08 1.05081249e-04 3.22515409e+00 2.16142286e-08 3.40471910e-06 1.69087380e-08 5.44154780e-07 9.13103703e-05 1.20960445e-08 7.10858088e-08 9.81733390e-09 3.57894442e-06 4.51839046e-04 1.60595098e-05 9.21049661e-02 1.14171685e-08
gen1554perm73 0.3087451916402647 5.32639689e-02 1.20495376e-02 1.67365976e-01 1.33589440e-01 1.13223048e-01 1.15768926e-01 3.04429595e-03 6.33450817e-02 2.19903954e+00 8.70422477e-02 5.35296635e-03 3.78494460e-02 2.67596407e-01 1.05429504e+00 6.08602369e-03 1.21051847e-03 2.97757680e-01 7.09272344e-01 2.16630371e+01 9.24656232e-07 2.94286119e-05 3.02749672e-08 9.35688562e-05 2.98341532e+00 2.13746889e-08 3.45164962e-06 1.75368121e-08 4.87089922e-07 9.54339429e-05 1.11480284e-08 6.95737032e-08 1.07994800e-08 3.82247312e-06 4.38293831e-04 1.59560113e-05 9.21049661e-02 1.17711360e-08
gen1554perm107 0.3109546387347945 5.32639689e-02 1.21856966e-02 1.67365976e-01 1.33589440e-01 9.64245164e-02 1.13322130e-01 3.02577367e-03 7.40647868e-02 2.37411536e+00 7.97612342e-02 5.26403831e-03 3.78494460e-02 2.57491342e-01 8.56869962e-01 5.50918198e-03 1.52488977e-03 2.97757680e-01 7.09272344e-01 2.16630371e+01 1.24356906e-06 3.20358917e-05 3.02654333e-08 1.04608133e-04 3.63451319e+00 2.13746889e-08 3.30826132e-06 1.94358711e-08 5.17191335e-07 1.26330972e-04 9.06455469e-09 7.21183202e-08 1.19290888e-08 3.58247915e-06 4.81035326e-04 1.54539928e-05 9.21049661e-02 9.91827506e-09
gen1554perm121 0.3114063664884611 5.32639689e-02 1.23034372e-02 1.66044631e-01 1.65441853e-01 1.11857840e-01 1.17501071e-01 2.84932870e-03 7.00286369e-02 2.47851328e+00 8.78289595e-02 5.52672163e-03 3.63819344e-02 2.63469745e-01 8.56869962e-01 6.08602369e-03 1.32424850e-03 2.97860847e-01 7.23355295e-01 2.10126245e+01 1.17677519e-06 3.24102006e-05 3.23712138e-08 1.02841799e-04 3.64094851e+00 2.37947456e-08 3.35984858e-06 1.75124497e-08 5.10989173e-07 1.26330972e-04 8.72454074e-09 8.38863744e-08 1.10390276e-08 3.61674514e-06 4.68644095e-04 1.60371158e-05 9.21049661e-02 1.01160066e-08
gen1554perm78 0.3134988039305711 5.32639689e-02 1.09717846e-02 1.61767081e-01 1.41604241e-01 1.23111366e-01 1.14112758e-01 3.04429595e-03 7.87274166e-02 2.06679526e+00 8.78289595e-02 6.43762901e-03 3.87889228e-02 2.69432211e-01 8.27644109e-01 7.93662338e-03 1.32424850e-03 3.05732239e-01 7.09272344e-01 2.22034814e+01 1.31024022e-06 3.06802228e-05 3.14401138e-08 1.10309332e-04 3.47732780e+00 2.34089880e-08 3.38283552e-06 1.94497980e-08 5.45053320e-07 1.06575221e-04 9.06455469e-09 7.30991163e-08 1.05343290e-08 3.46100470e-06 4.89246082e-04 1.60371158e-05 9.21049661e-02 1.21545106e-08
gen1554perm108 0.3140711853524945 5.32639689e-02 1.26622013e-02 1.66044631e-01 1.49374136e-01 1.17066308e-01 1.29061255e-01 3.02577367e-03 6.33450817e-02 2.38059706e+00 8.78289595e-02 5.13097826e-03 3.78494460e-02 2.59830993e-01 9.15774080e-01 5.85578359e-03 1.21051847e-03 2.97757680e-01 7.09272344e-01 2.10126245e+01 9.19205150e-07 3.24102006e-05 2.81189852e-08 9.87549326e-05 3.32273130e+00 2.50177081e-08 3.30132069e-06 1.58463819e-08 5.10989173e-07 9.54339429e-05 1.11480284e-08 6.98207529e-08 1.07994800e-08 3.61674514e-06 4.83171853e-04 1.60371158e-05 9.21049661e-02 1.14718018e-08
gen1554perm132 0.3146317277323398 5.32639689e-02 1.22271132e-02 1.72344543e-01 1.41786933e-01 1.24264538e-01 1.14112758e-01 3.02577367e-03 6.14099118e-02 2.15229891e+00 8.78289595e-02 5.67466157e-03 3.63819344e-02 2.63469745e-01 8.03950513e-01 5.86627870e-03 1.45148254e-03 2.97757680e-01 7.09272344e-01 2.17613703e+01 1.24467186e-06 3.24102006e-05 2.75578459e-08 9.66390489e-05 3.23896259e+00 2.56777562e-08 3.46933483e-06 1.94497980e-08 5.45053320e-07 1.14886347e-04 1.16353445e-08 7.30991163e-08 1.32089511e-08 3.57917925e-06 4.55535748e-04 1.60371158e-05 9.21049661e-02 9.60045582e-09
gen1554perm25 0.3165194427128619 5.32639689e-02 1.16334180e-02 1.67365976e-01 1.46604435e-01 1.16318013e-01 1.15038108e-01 3.02577367e-03 7.20785867e-02 2.33955955e+00 8.78289595e-02 5.26403831e-03 3.63819344e-02 2.59830993e-01 8.38338202e-01 7.59336193e-03 1.26335343e-03 2.97757680e-01 6.85614296e-01 1.91713546e+01 1.09601689e-06 3.15976329e-05 3.02654333e-08 9.87549326e-05 3.24112656e+00 2.19082267e-08 3.07000546e-06 1.73976734e-08 4.38546746e-07 1.09839930e-04 1.11480284e-08 8.13120235e-08 9.86022470e-09 3.62850518e-06 4.00383419e-04 1.60371158e-05 8.77407593e-02 1.08636179e-08
gen1554perm64 0.3196168534527825 5.28218233e-02 1.26516300e-02 1.59764480e-01 1.64958608e-01 1.07084029e-01 1.20082229e-01 3.23161121e-03 6.85428103e-02 2.06202382e+00 8.78289595e-02 5.35453532e-03 3.54613873e-02 2.56510791e-01 1.03794807e+00 7.92233418e-03 1.41020703e-03 2.97757680e-01 7.09603935e-01 2.03299660e+01 1.15702453e-06 3.22814246e-05 3.00967308e-08 1.04608133e-04 3.46554137e+00 2.20983101e-08 3.07884558e-06 2.09865196e-08 5.10989173e-07 9.54339429e-05 1.16709024e-08 6.73048203e-08 9.55408990e-09 3.57894442e-06 4.90673759e-04 1.60178616e-05 9.21049661e-02 1.25964209e-08
gen1554perm29 0.3205570971918109 5.64842900e-02 1.16334180e-02 1.67365976e-01 1.41786933e-01 1.07976756e-01 1.14112758e-01 3.02577367e-03 6.45426735e-02 2.15967722e+00 8.78289595e-02 5.35296635e-03 3.87889228e-02 2.63469745e-01 8.59979116e-01 6.50662612e-03 1.45148254e-03 2.97757680e-01 7.09603935e-01 2.24327481e+01 1.17677519e-06 3.24102006e-05 3.02654333e-08 1.07137691e-04 3.23896259e+00 2.50779372e-08 3.45164962e-06 1.82605525e-08 4.27736200e-07 1.14886347e-04 1.16972231e-08 7.30991163e-08 9.55408990e-09 3.66785637e-06 4.52890034e-04 1.60371158e-05 9.50353430e-02 1.03016768e-08
gen1554perm136 0.3227740107376756 5.32639689e-02 1.05723994e-02 1.59764480e-01 1.35855529e-01 1.07084029e-01 1.26174706e-01 3.11980085e-03 8.19119547e-02 2.11270977e+00 8.78289595e-02 5.35453532e-03 4.05672755e-02 2.74758362e-01 1.07604854e+00 7.81227243e-03 1.52488977e-03 2.96162638e-01 7.09603935e-01 2.07716672e+01 1.06509396e-06 3.24102006e-05 3.02654333e-08 9.35699687e-05 3.64094851e+00 2.50779372e-08 3.31535292e-06 1.94497980e-08 5.10989173e-07 1.16444686e-04 1.13433634e-08 8.25288236e-08 9.55408990e-09 3.61674514e-06 4.68644095e-04 1.60371158e-05 8.74566392e-02 1.25964209e-08
gen1554perm94 0.3249115925767530 5.32639689e-02 1.19988721e-02 1.51893373e-01 1.36073086e-01 1.07084029e-01 1.15369985e-01 3.02577367e-03 6.45426735e-02 2.06202382e+00 8.78289595e-02 5.35296635e-03 3.63604273e-02 2.77969320e-01 8.56869962e-01 7.92233418e-03 1.52488977e-03 2.97757680e-01 7.09603935e-01 2.10126245e+01 1.28551440e-06 3.24102006e-05 2.73194745e-08 1.12050671e-04 3.48538318e+00 1.93294420e-08 3.31535292e-06 1.65014218e-08 5.10989173e-07 9.07747365e-05 1.20960445e-08 8.25288236e-08 1.17521293e-08 3.61674514e-06 4.18373901e-04 1.60595098e-05 9.21049661e-02 1.01160066e-08
gen1554perm5 0.3261877458413363 5.26316668e-02 1.23314550e-02 1.55504792e-01 1.38037851e-01 1.07084029e-01 1.12621250e-01 3.02577367e-03 6.35880428e-02 2.14129508e+00 8.51910456e-02 5.07437416e-03 3.87889228e-02 2.56510791e-01 1.09583635e+00 6.99973830e-03 1.26335343e-03 2.96162060e-01 7.09272344e-01 2.25599846e+01 1.15702453e-06 3.20837815e-05 3.00967308e-08 1.00513616e-04 3.47065660e+00 2.13449361e-08 2.95250203e-06 1.82605525e-08 5.10989173e-07 8.53043282e-05 8.26091846e-09 7.30991163e-08 1.09199091e-08 3.57917925e-06 4.41748439e-04 1.71491515e-05 9.21049661e-02 1.26897160e-08
gen1554perm69 0.3264317599392492 5.32639689e-02 1.30192075e-02 1.61002092e-01 1.80752231e-01 1.04769758e-01 1.15038108e-01 3.02577367e-03 6.85428103e-02 2.39107119e+00 8.68287130e-02 5.00297009e-03 3.78494460e-02 2.58872957e-01 1.07604854e+00 7.92233418e-03 1.41020703e-03 2.99032383e-01 7.09603935e-01 1.98737680e+01 1.17705544e-06 3.24102006e-05 3.28410356e-08 1.04608133e-04 3.22515409e+00 2.42080395e-08 3.35984858e-06 1.98693449e-08 5.10989173e-07 1.14886347e-04 9.11768614e-09 7.80533226e-08 9.86022470e-09 3.57894442e-06 4.23548816e-04 1.60371158e-05 9.21049661e-02 1.01160066e-08
gen1554perm83 0.3271364103720042 5.32639689e-02 1.30192075e-02 1.68796865e-01 1.41604241e-01 1.23677219e-01 1.14112758e-01 3.07136995e-03 6.14099118e-02 2.39107119e+00 9.42693286e-02 5.35296635e-03 3.63819344e-02 2.59830993e-01 8.56869962e-01 7.40888192e-03 1.40521039e-03 2.97757680e-01 7.35574280e-01 2.07078756e+01 1.15702453e-06 3.24102006e-05 3.02654333e-08 9.90213573e-05 3.47732780e+00 2.56777562e-08 3.31535292e-06 1.94497980e-08 5.18172621e-07 1.14886347e-04 1.08325997e-08 7.28924630e-08 1.10390276e-08 3.57917925e-06 4.40533319e-04 1.60371158e-05 9.21049661e-02 1.21545106e-08
gen1554perm14 0.3323709346756981 5.32639689e-02 1.19480745e-02 1.45524120e-01 1.41934245e-01 1.14583905e-01 1.15369985e-01 3.02577367e-03 7.00286369e-02 2.47248608e+00 9.49861286e-02 5.35296635e-03 3.87889228e-02 2.51371487e-01 1.09583635e+00 7.88488223e-03 1.20662311e-03 2.97757680e-01 7.09603935e-01 2.03193563e+01 1.14878078e-06 3.24102006e-05 2.80317753e-08 1.08628131e-04 3.47732780e+00 2.24670998e-08 3.30812943e-06 1.94497980e-08 5.80333394e-07 8.09694118e-05 9.06455469e-09 7.67961017e-08 1.07820423e-08 3.61674514e-06 4.85167696e-04 1.60371158e-05 9.21049661e-02 1.03016768e-08
gen1554perm111 0.3357814199930547 5.28830005e-02 1.30192075e-02 1.61923910e-01 1.46604435e-01 1.07084029e-01 1.23356885e-01 2.88552841e-03 6.29527113e-02 2.19903954e+00 7.90849914e-02 5.26403831e-03 3.78593059e-02 2.63469745e-01 1.07604854e+00 7.92233418e-03 1.50102674e-03 2.97757680e-01 7.09603935e-01 2.01669254e+01 9.85155931e-07 2.84637208e-05 2.76184688e-08 1.04608133e-04 3.51256691e+00 1.93294420e-08 3.20113941e-06 1.94507368e-08 5.10989173e-07 8.38567622e-05 1.24834031e-08 7.30991163e-08 9.80618535e-09 3.65140227e-06 5.42401040e-04 1.60371158e-05 9.21049661e-02 1.17471469e-08
gen1554perm75 0.3362724630654694 5.32639689e-02 1.26827795e-02 1.61988924e-01 1.50938181e-01 1.14583905e-01 1.15369985e-01 3.02577367e-03 6.24695957e-02 2.16899910e+00 8.78289595e-02 4.84558604e-03 3.87889228e-02 2.51371487e-01 1.07604854e+00 7.87087648e-03 1.35818011e-03 2.97757680e-01 7.09272344e-01 2.12600159e+01 1.14878078e-06 3.24102006e-05 3.02654333e-08 9.57594615e-05 3.32273130e+00 2.13746889e-08 3.31535292e-06 1.96708903e-08 5.10989173e-07 8.09694118e-05 8.63703870e-09 7.30991163e-08 1.14340845e-08 3.61674514e-06 4.54247911e-04 1.60595098e-05 9.69422896e-02 9.65318421e-09
gen1554perm16 0.3372068926724821 5.32639689e-02 1.21856966e-02 1.55705997e-01 1.33589440e-01 1.07084029e-01 1.29061255e-01 3.02577367e-03 7.00286369e-02 1.98605876e+00 8.78289595e-02 5.30767509e-03 3.98733166e-02 2.63469745e-01 9.15774080e-01 6.61902448e-03 1.21051847e-03 2.97757680e-01 7.09272344e-01 2.03193563e+01 1.22849248e-06 3.24102006e-05 2.75529397e-08 9.87549326e-05 3.32273130e+00 2.13746889e-08 3.31535292e-06 1.75124497e-08 5.10989173e-07 1.01729241e-04 9.06455469e-09 8.38863744e-08 1.07994800e-08 3.72148321e-06 4.81035326e-04 1.60371158e-05 9.21049661e-02 1.01160066e-08
gen1554perm124 0.3380661514601538 5.32639689e-02 1.23034372e-02 1.49456120e-01 1.41604241e-01 1.04769758e-01 1.17163280e-01 2.85460885e-03 7.00286369e-02 2.37411536e+00 8.78289595e-02 4.77501265e-03 3.78494460e-02 2.54647442e-01 8.56869962e-01 6.08602369e-03 1.40521039e-03 2.71761349e-01 7.09603935e-01 2.23627078e+01 1.17705544e-06 3.24102006e-05 3.02654333e-08 1.04066709e-04 3.47732780e+00 2.71742566e-08 3.31535292e-06 1.75124497e-08 5.49374473e-07 1.26330972e-04 1.08325997e-08 8.07775091e-08 8.96260268e-09 3.72074039e-06 4.35546596e-04 1.59324962e-05 9.57106329e-02 1.21545106e-08
gen1554perm102 0.3391851338908890 4.89272247e-02 1.16334180e-02 1.66044631e-01 1.65441853e-01 1.28313955e-01 1.15096069e-01 3.02577367e-03 6.76659721e-02 2.16899910e+00 8.78289595e-02 5.35296635e-03 3.63819344e-02 2.56510791e-01 8.27644109e-01 6.08602369e-03 1.42476587e-03 2.97757680e-01 7.09272344e-01 1.91713546e+01 1.22849248e-06 3.20837815e-05 3.02654333e-08 1.10309332e-04 3.74754911e+00 2.13746889e-08 3.37485071e-06 1.75124497e-08 5.10989173e-07 1.10981291e-04 9.30291001e-09 8.25288236e-08 1.29982986e-08 3.57917925e-06 4.50890531e-04 1.55304062e-05 9.21049661e-02 9.51195999e-09
gen1554perm87 0.3410260477987900 5.32639689e-02 1.30902734e-02 1.61988924e-01 1.49374136e-01 1.25551171e-01 1.13322130e-01 2.75206482e-03 6.85428103e-02 2.15967722e+00 8.78289595e-02 5.27698052e-03 3.78494460e-02 2.59830993e-01 1.12512901e+00 6.67860776e-03 1.28761596e-03 2.97757680e-01 7.09603935e-01 2.16630371e+01 1.28982934e-06 3.24102006e-05 2.76446465e-08 9.66390489e-05 3.22515409e+00 2.50177081e-08 3.49423175e-06 1.75124497e-08 5.45053320e-07 1.14886347e-04 1.11480284e-08 7.80533226e-08 1.19290888e-08 3.65060875e-06 4.90591059e-04 1.60964654e-05 9.21049661e-02 1.12101961e-08
gen1554perm1 0.3421434657520096 5.32639689e-02 1.23034372e-02 1.57194194e-01 1.45260270e-01 1.04769758e-01 1.17269357e-01 3.08725696e-03 6.57343934e-02 2.39276970e+00 9.63085488e-02 5.37889024e-03 3.87064881e-02 2.58674503e-01 1.23545432e+00 6.08602369e-03 1.32424850e-03 2.97757680e-01 7.09272344e-01 2.03193563e+01 1.09874444e-06 3.49146514e-05 3.02654333e-08 1.19891610e-04 3.47732780e+00 2.37947456e-08 3.31535292e-06 1.94497980e-08 5.10989173e-07 1.04895984e-04 8.26091846e-09 7.08158607e-08 1.22421527e-08 3.61674514e-06 4.68644095e-04 1.60371158e-05 9.61389235e-02 9.47218201e-09
gen1554perm113 0.3438926269413547 5.32639689e-02 1.30296776e-02 1.66044631e-01 1.49374136e-01 1.05254856e-01 1.15038108e-01 3.02577367e-03 7.17720146e-02 2.39107119e+00 8.78289595e-02 5.13097826e-03 3.78494460e-02 2.59830993e-01 8.33868324e-01 6.99973830e-03 1.41020703e-03 2.97757680e-01 7.11045011e-01 1.91070661e+01 1.15578693e-06 3.20358917e-05 2.75611973e-08 9.66390489e-05 3.22515409e+00 2.08060895e-08 3.45164962e-06 1.71161575e-08 5.45053320e-07 1.14886347e-04 9.38588799e-09 7.32078665e-08 1.10390276e-08 3.57894442e-06 4.51839046e-04 1.60595098e-05 9.21049661e-02 1.12101961e-08
gen1554perm112 0.3533213242740031 5.28830005e-02 1.16334180e-02 1.53657698e-01 1.33589440e-01 1.07084029e-01 1.17969009e-01 3.02577367e-03 6.45426735e-02 2.19903954e+00 8.78289595e-02 5.04744448e-03 3.56232929e-02 2.63469745e-01 1.01927538e+00 7.92233418e-03 1.59543124e-03 2.99032383e-01 6.79020996e-01 2.01669254e+01 9.85155931e-07 3.22814246e-05 3.02654333e-08 1.04608133e-04 3.48538318e+00 2.06797887e-08 3.20113941e-06 1.93264355e-08 5.10989173e-07 8.56111648e-05 1.24467593e-08 7.30991163e-08 9.80618535e-09 3.63841597e-06 4.40533319e-04 1.60178616e-05 9.21308293e-02 1.17711360e-08
gen1554perm57 0.3535399949504274 5.28218233e-02 1.30192075e-02 1.59764480e-01 1.64958608e-01 1.07084029e-01 1.20082229e-01 3.02577367e-03 7.00169449e-02 2.03417116e+00 8.18835231e-02 5.35453532e-03 3.87889228e-02 2.56510791e-01 1.09583635e+00 7.92233418e-03 1.41020703e-03 2.99032383e-01 7.09272344e-01 2.16630371e+01 1.15702453e-06 3.20837815e-05 3.00967308e-08 1.04608133e-04 3.18807915e+00 2.15367234e-08 3.40471910e-06 1.71891810e-08 5.44154780e-07 9.54339429e-05 1.20960445e-08 8.25288236e-08 9.80618535e-09 3.57894442e-06 4.51839046e-04 1.70657872e-05 9.51615325e-02 1.25964209e-08
gen1554perm122 0.3560502677945053 5.32639689e-02 1.10329559e-02 1.59764480e-01 1.57498062e-01 1.04769758e-01 1.15096069e-01 3.02577367e-03 6.21060634e-02 2.16899910e+00 8.78289595e-02 5.45015150e-03 3.98733166e-02 2.54647442e-01 8.07004933e-01 7.07906068e-03 1.42476587e-03 2.97757680e-01 6.71961156e-01 2.03193563e+01 1.22849248e-06 3.20837815e-05 3.02654333e-08 1.10309332e-04 3.45315271e+00 2.50779372e-08 3.16744809e-06 1.58853065e-08 5.45053320e-07 1.06575221e-04 9.06455469e-09 8.25288236e-08 1.22421527e-08 3.57894442e-06 4.13287655e-04 1.60371158e-05 9.21049661e-02 9.29398398e-09
gen1554perm36 0.3579231302449443 5.32639689e-02 1.09787697e-02 1.67365976e-01 1.50938181e-01 1.28313955e-01 1.14112758e-01 3.02577367e-03 6.07678573e-02 2.16899910e+00 8.78289595e-02 5.35296635e-03 3.87889228e-02 2.45283902e-01 1.07604854e+00 6.78875071e-03 1.35818011e-03 2.97757680e-01 7.09272344e-01 1.92772662e+01 1.17705544e-06 3.20837815e-05 2.80451863e-08 1.04824411e-04 3.22515409e+00 2.13746889e-08 3.35984858e-06 1.82265626e-08 5.10989173e-07 1.14886347e-04 8.63703870e-09 8.38863744e-08 1.01374416e-08 3.90207182e-06 4.40533319e-04 1.60595098e-05 9.21049661e-02 1.03016768e-08
gen1554perm125 0.3582970452730709 5.32639689e-02 1.21856966e-02 1.59764480e-01 2.00662869e-01 8.46300902e-02 1.06796052e-01 3.02577367e-03 6.67037077e-02 2.25988814e+00 8.78289595e-02 5.39166294e-03 3.78494460e-02 2.59830993e-01 8.56869962e-01 7.59336193e-03 1.41020703e-03 3.16964619e-01 6.70859756e-01 2.20244416e+01 1.17705544e-06 3.24102006e-05 3.02654333e-08 1.00513616e-04 3.31779896e+00 2.22187039e-08 3.16199862e-06 2.16906284e-08 5.13549172e-07 8.09694118e-05 9.27299112e-09 7.30991163e-08 8.96260268e-09 3.61674514e-06 4.68644095e-04 1.60371158e-05 9.21049661e-02 1.17711360e-08
gen1554perm15 0.3602606256257463 5.32639689e-02 1.22074609e-02 1.67365976e-01 1.52090640e-01 1.04769758e-01 1.17501071e-01 3.02577367e-03 6.33450817e-02 2.19903954e+00 8.78289595e-02 5.40971856e-03 3.78494460e-02 2.41592025e-01 8.07004933e-01 5.54766945e-03 1.23184279e-03 2.97757680e-01 7.53546417e-01 2.16630371e+01 9.19205150e-07 3.12591040e-05 3.02654333e-08 1.10309332e-04 3.45315271e+00 2.35293134e-08 3.16667300e-06 1.94358711e-08 5.45053320e-07 1.06575221e-04 1.00693774e-08 6.98207529e-08 1.22421527e-08 3.76222286e-06 4.68644095e-04 1.60371158e-05 9.21049661e-02 1.17711360e-08
gen1554perm97 0.3649098747420264 5.32639689e-02 1.30212844e-02 1.66911786e-01 1.66661420e-01 1.27199762e-01 1.04851117e-01 3.02577367e-03 6.99862180e-02 2.39107119e+00 8.70899918e-02 6.01825001e-03 3.85793710e-02 2.63469745e-01 9.88746498e-01 6.08602369e-03 1.47557334e-03 3.13883548e-01 7.09603935e-01 2.01669254e+01 1.30950492e-06 3.24102006e-05 2.73414940e-08 9.87549326e-05 3.23896259e+00 2.32721452e-08 3.45164962e-06 2.47732136e-08 5.10989173e-07 7.33755903e-05 7.07011291e-09 7.17464113e-08 1.22421527e-08 3.64708147e-06 4.77007671e-04 1.60371158e-05 9.76175021e-02 1.03016768e-08
gen1554perm42 0.3651455466030134 5.32639689e-02 1.23034372e-02 1.66044631e-01 1.45531347e-01 1.11254787e-01 1.19304670e-01 3.02577367e-03 7.00286369e-02 2.15248388e+00 8.78289595e-02 5.35296635e-03 3.98733166e-02 2.56038507e-01 8.07004933e-01 7.07906068e-03 1.14690152e-03 2.97860847e-01 7.56966450e-01 2.40714423e+01 1.17705544e-06 3.24102006e-05 3.02654333e-08 1.14586323e-04 3.25980560e+00 2.20219650e-08 3.35085231e-06 1.94358711e-08 5.45053320e-07 1.14886347e-04 9.06455469e-09 8.38863744e-08 1.20261111e-08 3.61674514e-06 4.68644095e-04 1.59208501e-05 9.21049661e-02 1.08042223e-08
gen1554perm68 0.3674767568618304 5.32639689e-02 1.19000188e-02 1.76106599e-01 1.41735502e-01 1.04769758e-01 1.13322130e-01 3.02577367e-03 6.85428103e-02 2.39107119e+00 9.12101176e-02 5.35453532e-03 3.78494460e-02 2.63469745e-01 1.09583635e+00 5.65015160e-03 1.38220426e-03 2.99117203e-01 7.45998714e-01 2.03193563e+01 1.17705544e-06 3.24102006e-05 3.02654333e-08 1.03407411e-04 3.22515409e+00 2.42965952e-08 3.62891570e-06 1.75343155e-08 5.10989173e-07 1.14886347e-04 1.11480284e-08 7.80533226e-08 1.18437087e-08 3.64708147e-06 4.62489345e-04 1.60595098e-05 9.21049661e-02 1.13613960e-08
gen1554perm129 0.3691458819205138 5.32639689e-02 1.27298082e-02 1.57194194e-01 1.45531347e-01 1.04769758e-01 1.23356885e-01 3.07256934e-03 7.00286369e-02 2.15248388e+00 8.78289595e-02 5.35296635e-03 3.87064881e-02 2.56510791e-01 8.07004933e-01 7.88488223e-03 1.25862946e-03 2.97757680e-01 7.16957823e-01 2.37377647e+01 1.07543347e-06 3.24102006e-05 3.27822559e-08 1.04608133e-04 3.39263558e+00 2.32353551e-08 3.31535292e-06 2.05372291e-08 5.13915521e-07 1.06575221e-04 8.05673360e-09 8.42801902e-08 1.22421527e-08 3.32903036e-06 4.75356028e-04 1.60371158e-05 9.21049661e-02 9.54086383e-09
gen1554perm27 0.3806178232295245 4.93746395e-02 1.30192075e-02 1.45774100e-01 1.35855529e-01 1.07084029e-01 1.32592010e-01 3.02577367e-03 7.54169547e-02 2.15967722e+00 8.78289595e-02 5.35453532e-03 3.87889228e-02 2.56510791e-01 1.04086042e+00 8.67713766e-03 1.41306823e-03 2.96162638e-01 7.09603935e-01 2.37688899e+01 1.17705544e-06 3.24102006e-05 3.12435189e-08 9.35699687e-05 2.98341532e+00 2.63360140e-08 3.31535292e-06 1.94497980e-08 4.98612847e-07 1.22388038e-04 1.13433634e-08 8.25288236e-08 1.14524248e-08 3.61674514e-06 4.81442368e-04 1.60371158e-05 9.21049661e-02 1.01160066e-08
gen1554perm105 0.3959872683531050 5.32639689e-02 1.30192075e-02 1.67365976e-01 1.60744884e-01 1.13910380e-01 1.15369985e-01 3.02577367e-03 7.00286369e-02 2.19903954e+00 8.78289595e-02 5.26403831e-03 4.13499110e-02 2.63469745e-01 1.09583635e+00 6.02438411e-03 1.24303206e-03 2.97757680e-01 7.28592266e-01 2.23033256e+01 1.05722487e-06 3.24102006e-05 2.76912211e-08 1.08750460e-04 3.47732780e+00 2.13746889e-08 3.35984858e-06 1.94497980e-08 5.10989173e-07 9.54339429e-05 1.11480284e-08 7.30991163e-08 1.07820423e-08 3.57917925e-06 4.06866898e-04 1.60371158e-05 9.21049661e-02 1.04032760e-08
gen1554perm52 0.4003951467729000 5.83879588e-02 1.04835488e-02 1.59764480e-01 1.33589440e-01 1.04769758e-01 1.23356885e-01 3.02577367e-03 6.85428103e-02 2.15967722e+00 8.78289595e-02 5.35453532e-03 3.63819344e-02 2.58872957e-01 8.56869962e-01 5.49580978e-03 1.41020703e-03 2.97757680e-01 7.09272344e-01 2.09894543e+01 1.17705544e-06 3.12434212e-05 3.02654333e-08 1.04608133e-04 3.32273130e+00 2.61708239e-08 3.35984858e-06 2.09316625e-08 4.38546746e-07 1.14886347e-04 8.65317691e-09 7.63573923e-08 1.22421527e-08 3.57894442e-06 4.86439421e-04 1.59087015e-05 8.64912520e-02 1.12827404e-08
gen1554perm95 0.4024339461145331 5.32639689e-02 1.16700593e-02 1.66044631e-01 1.46604435e-01 9.61246932e-02 1.15038108e-01 3.02577367e-03 7.00286369e-02 2.15967722e+00 8.50664668e-02 5.65917934e-03 3.87889228e-02 2.59830993e-01 1.18614086e+00 7.73653720e-03 1.32424850e-03 2.97757680e-01 7.73773122e-01 1.91203300e+01 1.19046344e-06 3.20837815e-05 3.00967308e-08 9.66390489e-05 3.22515409e+00 2.02969366e-08 3.35984858e-06 1.98693449e-08 5.10989173e-07 1.07788521e-04 9.06455469e-09 7.30991163e-08 1.28430645e-08 3.57894442e-06 4.51839046e-04 1.60595098e-05 9.21049661e-02 1.09912742e-08
gen1554perm34 0.4145632580858681 4.93022650e-02 1.16910430e-02 1.66044631e-01 1.60797654e-01 1.15773405e-01 1.26507995e-01 2.96367634e-03 6.05231024e-02 2.36588130e+00 8.78289595e-02 5.35296635e-03 3.82577014e-02 2.63469745e-01 8.56869962e-01 6.36405483e-03 1.41020703e-03 2.97860847e-01 6.88519549e-01 2.21388383e+01 1.03472672e-06 3.47248012e-05 3.02654333e-08 9.66390489e-05 3.22515409e+00 2.42965952e-08 3.31487194e-06 1.75124497e-08 5.10989173e-07 8.42786295e-05 9.93674412e-09 7.06215525e-08 1.10390276e-08 3.57917925e-06 4.26227944e-04 1.60371158e-05 9.21049661e-02 9.53725847e-09
gen1554perm86 0.4193046310991998 5.32639689e-02 1.21856966e-02 1.45643666e-01 1.40201194e-01 1.07084029e-01 1.23356885e-01 3.08725696e-03 8.35611380e-02 2.31441248e+00 8.78289595e-02 5.26403831e-03 3.78494460e-02 2.49025674e-01 8.56869962e-01 6.08602369e-03 1.26335343e-03 3.15290753e-01 7.09272344e-01 2.25599846e+01 1.17649824e-06 3.12434212e-05 2.98153244e-08 9.87549326e-05 3.32273130e+00 2.13746889e-08 3.31535292e-06 1.82605525e-08 4.38546746e-07 1.14886347e-04 1.11480284e-08 7.76649320e-08 1.22421527e-08 3.57894442e-06 4.86439421e-04 1.60371158e-05 1.01209589e-01 1.12827404e-08
gen1554perm101 0.4290119371994235 5.32639689e-02 1.13285534e-02 1.61767081e-01 1.52090640e-01 1.11857840e-01 1.23356885e-01 3.02577367e-03 6.21060634e-02 2.37411536e+00 8.78289595e-02 5.26403831e-03 3.87889228e-02 2.54647442e-01 8.56869962e-01 7.07906068e-03 1.32424850e-03 2.97860847e-01 6.46973614e-01 2.10126245e+01 1.17677519e-06 3.06802228e-05 2.90593705e-08 1.12226173e-04 3.32273130e+00 2.50779372e-08 3.35984858e-06 1.94497980e-08 5.45053320e-07 1.35661165e-04 1.11480284e-08 8.17144058e-08 1.10390276e-08 3.23724890e-06 4.86439421e-04 1.60371158e-05 9.21049661e-02 1.03016768e-08
gen1554perm20 0.4372498105242247 5.28218233e-02 1.21856966e-02 1.66044631e-01 1.85423445e-01 1.07084029e-01 1.15369985e-01 3.02577367e-03 6.85428103e-02 2.37411536e+00 8.78289595e-02 5.35296635e-03 3.87889228e-02 2.56510791e-01 8.56869962e-01 8.20958769e-03 1.32967136e-03 3.04239704e-01 7.79598318e-01 2.10126245e+01 1.15702453e-06 3.24102006e-05 3.01162987e-08 1.04608133e-04 3.47732780e+00 2.60485987e-08 3.31535292e-06 2.09865196e-08 5.10989173e-07 1.14886347e-04 1.16972231e-08 8.25288236e-08 1.17521293e-08 3.61674514e-06 4.90673759e-04 1.60595098e-05 9.21049661e-02 1.17711360e-08
gen1554perm118 0.4406680440237402 5.32639689e-02 1.19988721e-02 1.66044631e-01 1.63226108e-01 1.15773405e-01 1.26507995e-01 3.02577367e-03 6.85428103e-02 2.37411536e+00 8.78289595e-02 5.35296635e-03 3.47599480e-02 2.59830993e-01 8.56869962e-01 6.99973830e-03 1.52488977e-03 2.97757680e-01 7.11045011e-01 2.10126245e+01 1.22759053e-06 3.36737629e-05 3.02654333e-08 9.66390489e-05 3.22515409e+00 2.50177081e-08 3.30826132e-06 1.75124497e-08 5.10989173e-07 1.26330972e-04 1.16994149e-08 7.63864722e-08 1.19290888e-08 3.61674514e-06 4.97709925e-04 1.73126127e-05 9.85921067e-02 9.51195999e-09
gen1554perm62 0.4465474375647254 5.32639689e-02 1.27298082e-02 1.57194194e-01 1.52090640e-01 1.04769758e-01 1.16114071e-01 3.08725696e-03 6.45426735e-02 2.16899910e+00 9.42461543e-02 5.35296635e-03 3.87064881e-02 2.63469745e-01 1.23545432e+00 6.96473247e-03 1.26335343e-03 2.97860847e-01 7.09457044e-01 1.77693403e+01 1.17705544e-06 3.24102006e-05 3.01905491e-08 1.11723586e-04 3.45315271e+00 2.47197845e-08 3.35984858e-06 2.05372291e-08 5.13915521e-07 9.73600883e-05 7.67340149e-09 7.62338179e-08 1.07368696e-08 3.61674514e-06 4.75356028e-04 1.58917191e-05 8.38732235e-02 1.08390864e-08
gen1554perm72 0.4601348363410567 5.37397246e-02 1.21856966e-02 1.66044631e-01 1.45285957e-01 1.07395927e-01 1.15369985e-01 3.02577367e-03 7.00286369e-02 2.56103184e+00 8.78289595e-02 5.35296635e-03 3.49960844e-02 2.54647442e-01 1.14237753e+00 6.08602369e-03 1.47563610e-03 2.97757680e-01 7.40770342e-01 2.10126245e+01 1.09874444e-06 3.20837815e-05 3.06046998e-08 1.04608133e-04 3.19132657e+00 2.78442471e-08 3.35984858e-06 1.94497980e-08 5.10989173e-07 1.14886347e-04 9.00051398e-09 8.25288236e-08 1.14340845e-08 3.61674514e-06 4.60299679e-04 1.60595098e-05 8.62426235e-02 1.03016768e-08
gen1554perm33 0.4620093875423783 5.32639689e-02 1.19000188e-02 1.66044631e-01 1.57171022e-01 1.04769758e-01 1.15038108e-01 3.10974530e-03 6.85428103e-02 2.39107119e+00 8.78289595e-02 4.98869719e-03 3.45262612e-02 2.46869844e-01 8.56869962e-01 6.99973830e-03 1.35503515e-03 3.05601559e-01 6.42899349e-01 1.92772662e+01 1.17705544e-06 3.16411869e-05 3.01162987e-08 9.66390489e-05 3.22515409e+00 2.34089880e-08 3.44992709e-06 1.72762083e-08 5.45053320e-07 1.14886347e-04 1.27572320e-08 7.80533226e-08 1.43913753e-08 3.57894442e-06 4.79217486e-04 1.60595098e-05 9.21049661e-02 1.12101961e-08
gen1554perm12 0.4668108364587792 4.97498160e-02 1.30192075e-02 1.68796865e-01 1.40542425e-01 1.07084029e-01 1.15768926e-01 3.02577367e-03 6.27834332e-02 2.39107119e+00 8.78289595e-02 5.35296635e-03 3.87889228e-02 2.67514832e-01 9.14991904e-01 7.07906068e-03 1.45148254e-03 2.97757680e-01 7.09272344e-01 2.16630371e+01 1.16703582e-06 3.20837815e-05 3.28202173e-08 1.06086176e-04 3.22515409e+00 2.42965952e-08 3.45164962e-06 1.75124497e-08 5.45053320e-07 1.14119782e-04 9.11768614e-09 6.95737032e-08 9.93779058e-09 3.57894442e-06 4.28583921e-04 1.60595098e-05 8.29395295e-02 1.17711360e-08
gen1554perm58 0.5055706978710647 4.99684871e-02 1.23073320e-02 1.66622554e-01 1.22092428e-01 1.07084029e-01 1.15038108e-01 3.02577367e-03 6.85428103e-02 2.06202382e+00 8.78289595e-02 5.35296635e-03 3.99296466e-02 2.63469745e-01 1.12876255e+00 7.08463551e-03 1.41020703e-03 2.97757680e-01 7.09603935e-01 2.03299660e+01 1.15702453e-06 3.22814246e-05 2.98153244e-08 1.04608133e-04 3.46554137e+00 2.20983101e-08 3.35984858e-06 2.09865196e-08 5.10989173e-07 1.14886347e-04 1.16972231e-08 6.73048203e-08 9.55408990e-09 3.57917925e-06 4.90673759e-04 1.65885731e-05 1.01190217e-01 1.13892067e-08
gen1554perm82 0.5750009044067539 4.80465312e-02 1.32381697e-02 1.59764480e-01 1.46604435e-01 1.04769758e-01 1.23356885e-01 3.02577367e-03 7.00286369e-02 2.15248388e+00 8.78289595e-02 5.07437416e-03 3.83714908e-02 2.63469745e-01 8.83297821e-01 7.88488223e-03 1.25862946e-03 2.97757680e-01 6.78423302e-01 2.40714423e+01 1.05722487e-06 3.20837815e-05 3.03322810e-08 1.08750460e-04 3.21268687e+00 2.52243732e-08 3.31535292e-06 1.94358711e-08 5.53832475e-07 8.09694118e-05 9.06455469e-09 7.67819065e-08 1.22421527e-08 3.61674514e-06 4.68644095e-04 1.60595098e-05 9.76633215e-02 1.26897160e-08
gen1554perm144 0.5853185118822016 5.32639689e-02 1.19988721e-02 1.66044631e-01 1.46604435e-01 1.12725174e-01 1.15038108e-01 3.02577367e-03 6.21060634e-02 2.39107119e+00 8.78289595e-02 5.00297009e-03 3.78494460e-02 2.56578300e-01 9.14991904e-01 7.59336193e-03 1.41020703e-03 2.97860847e-01 6.67798960e-01 2.27410871e+01 1.22718402e-06 3.38881678e-05 3.02654333e-08 9.66390489e-05 3.22515409e+00 2.42965952e-08 3.35984858e-06 1.75124497e-08 5.10989173e-07 1.15848789e-04 1.02716864e-08 7.44003060e-08 1.09199091e-08 3.57894442e-06 4.50890531e-04 1.60595098e-05 9.88322467e-02 1.02198953e-08
