#	Simulation	Obj	K_16	K_17	K_7	K_8	k1	k10	k11	k12	k13	k14	k15	k16	k17	k2	k3	k4	k5	k6	k7	k8	k9	k_6
	gen697ind8	26.5790877974526	17.059831889008887	94.8974209854296	165.02073553558432	138.80387835592018	0.19029634746351048	69.44368893351945	0.761892382614134	0.24738106789766706	0.0005680619935655992	0.00010835533177192353	0.032626994620650045	27.966984702382437	159.6626115651352	0.018295973082133727	0.04394515113920579	0.3073605946379645	0.3902523918346024	0.031479388195508565	106.45242053717008	30.37181368868009	564.288632969815	0.45276978043425353
	gen694ind58	26.599684997116913	17.063337469531607	94.8974209854296	165.35381701599337	139.40210038154305	0.18944658413999113	69.77391373240168	0.8264953264764338	0.24877015966397215	0.0005680619935655992	0.00010851138083065524	0.032614456513275054	27.966984702382437	162.71330485233594	0.018279836718890614	0.04336518147423019	0.2983580442198952	0.38296689492862607	0.03162646638897542	170.23340491768627	32.1519784524351	568.9247794185732	0.45362487357617665
	gen695ind15	26.627862240576878	17.04214700291831	94.18344137804928	164.9375099672323	138.83305534762957	0.18922582041211075	69.26138382727872	0.8475604952320687	0.24534274693157274	0.0005317454387517822	0.00010817446394489335	0.032641191321440124	23.649994104539505	157.4500918698183	0.018271883616119325	0.04391359741495057	0.30581257062401296	0.3822116279488358	0.03126094695643295	141.1861990593984	27.777878973096577	564.288632969815	0.4517452695968506
	gen693ind26	26.628638329402907	17.063337469531607	94.8974209854296	165.31054751539526	139.07205712169068	0.19029634746351048	69.44368893351945	0.761892382614134	0.24738106789766706	0.0005680619935655992	0.00010839662080657578	0.032626994620650045	27.966984702382437	161.7330512325509	0.018297886831064394	0.043696838330800396	0.3064675330707274	0.3902523918346024	0.03168167163919214	134.61508920206302	31.356306839655353	564.288632969815	0.4547639902038739
	gen697ind0	26.63062054706697	17.099422309178102	95.22612002432787	165.4164808011655	138.42432884218886	0.19110099133129274	68.67364817639232	0.9133826648803396	0.2480401047500492	0.000593487182287452	0.00010833540034751413	0.03253111245495279	27.966984702382437	161.7330512325509	0.018297886831064394	0.043869832560928884	0.30634903770047	0.3921458859737546	0.03160431144248741	177.07056482117378	31.356306839655353	564.288632969815	0.4547639902038739
	gen693ind36	26.646445503929854	17.063337469531607	94.8974209854296	165.31054751539526	138.64459608988716	0.19109144409480328	68.57807923040626	0.9168784786351518	0.2480711183681514	0.0005667679469498067	0.00010840174581707395	0.032614456513275054	27.966984702382437	161.7330512325509	0.018297886831064394	0.04387038873053527	0.30758186306254587	0.39173745683193095	0.03160431144248741	165.41970186222449	31.22847523854008	564.614978552769	0.4547639902038739
	gen694ind55	26.648206038801654	17.046434198858716	94.74523251468804	165.11260078124002	137.87845353679236	0.19027713870776036	68.3612178326482	0.8550244547080117	0.24627614989986513	0.0006119505239292489	0.00010783426029858707	0.032405929391137275	32.720084552542346	149.8034905092509	0.018286153116843853	0.04474120276366934	0.3069005247206807	0.38336667269991637	0.031214089404260455	126.02589352637955	24.848379311824047	565.5012633981627	0.45095606250343706
	gen692ind38	26.6512444103333	17.063337469531607	94.8974209854296	165.31054751539526	138.64459608988716	0.19109144409480328	68.67364817639232	0.9168784786351518	0.24828685502626927	0.0005680619935655992	0.00010840174581707395	0.032614456513275054	27.966984702382437	161.7330512325509	0.018297886831064394	0.04374571214260458	0.3064675330707274	0.3902523918346024	0.03160431144248741	174.37696560483386	31.356306839655353	564.288632969815	0.4547639902038739
	gen694ind31	26.653776778178663	17.047942156913567	94.39535180553018	165.59035446829145	138.71612039960635	0.18956898068005468	68.35821488904597	0.8242715368992468	0.2461140968241787	0.0005627554801337367	0.00010805962455810623	0.03252106776145337	33.95694364396779	159.214467056354	0.01828330548211082	0.04409947836167106	0.30817165730163953	0.38601616282195855	0.03144851826004633	174.37696560483386	27.70679248476282	564.288632969815	0.45407648107633586
	gen695ind59	26.655463312160148	17.046434198858716	94.74523251468804	165.09037072884837	137.87845353679236	0.19027713870776036	68.3612178326482	0.8550244547080117	0.24627614989986513	0.0006119505239292489	0.0001078156301803186	0.032449333935076034	32.720084552542346	149.8034905092509	0.018272924884192642	0.04474120276366934	0.3046931936711074	0.38078413691711255	0.031214089404260455	126.02589352637955	24.848379311824047	565.5012633981627	0.45095606250343706
	gen693ind10	26.664517681761943	17.070768941034693	94.14991337959032	165.56646568014716	138.60183655775577	0.18900893567183516	66.5352282421351	0.8101656164049793	0.2454882604253928	0.0006231991912525761	0.00010813433303747902	0.032575758857816335	38.46852980073847	155.04260894768356	0.01824971481129086	0.04480830420778225	0.3122949026895002	0.3897011705923418	0.03129571687091612	207.35104180045613	28.014879221313745	564.288632969815	0.45687322709682043
	gen693ind0	26.67440529600547	17.040938041208655	94.76108996677218	165.01025836900791	138.18165142230166	0.19027713870776036	69.34935664841521	0.8080506027332301	0.24452646256891988	0.0005398785164833939	0.00010797731889566913	0.03239589712624389	19.747625398128733	155.16416363423247	0.01827948123432961	0.04460210415532195	0.3099703291374192	0.3887583876851013	0.03104821073120713	109.0467461983821	25.994286121725022	564.288632969815	0.4501028228976655
	gen696ind46	26.689548105050793	17.087711208263812	94.78866055134189	165.59035446829145	138.91496570796232	0.19128158956962105	69.122154665214	0.8689069072304756	0.24767631120098718	0.0005627554801337367	0.00010839145156504148	0.03249384708997085	28.54860991450705	163.90499960221703	0.018317402523977153	0.04409947836167106	0.30659216718893434	0.3912699589843687	0.03183089972336648	185.1067244845115	29.699912804180812	566.0882964496128	0.45675765288086406
	gen689ind69	26.693642017324052	17.028997109242116	94.18344137804928	165.28966512676925	138.51517284520125	0.18922204259633946	68.56821175527467	0.8475604952320687	0.24534274693157274	0.0005346943016142498	0.00010802228967628558	0.032496778884495425	28.819126509632074	157.4500918698183	0.018256862704610157	0.04391359741495057	0.30581257062401296	0.3822116279488358	0.0311269320099674	138.74810672049588	28.102487583337435	564.288632969815	0.4517452695968506
	gen696ind48	26.6963792926781	17.09680518120826	95.38677653420858	165.77780922067595	139.01147950721932	0.19145835737149944	67.25718001138435	0.7805035821798808	0.24618219558829474	0.0005780387999113646	0.000108038530383004	0.03268145340869428	32.43922358330537	161.43649623868933	0.01832081681746522	0.044096847300004745	0.3254257077387317	0.39281515748591705	0.031070556417751128	174.37696560483386	23.92151037533454	565.381020930403	0.4563027733327039
	gen694ind0	26.697269486561474	17.065224012678165	95.1334785884657	165.46312636369754	138.54968187513126	0.19092510216539213	67.45478723644884	0.8885628981891318	0.2462012124728565	0.0006024342569676127	0.0001080969723436841	0.03251592982473377	24.847452508485308	151.89104739072224	0.01827733080754211	0.04428851680122822	0.3190102856402063	0.3883769821798012	0.03084020155914322	168.26559182232035	25.659678826899327	563.2851682937452	0.4555550573548801
	gen694ind32	26.69880888778127	17.04191928870461	94.93982176048794	165.01025836900791	138.1831499294184	0.19027713870776036	69.34935664841521	0.8080506027332301	0.24473911659411646	0.0005398785164833939	0.00010797731889566913	0.03239589712624389	18.138324645223975	155.16416363423247	0.01827948123432961	0.044365985043398996	0.3054569716950894	0.3837794725997269	0.031022687429493427	117.85501670534167	26.877925472614077	564.288632969815	0.4501028228976655
	gen696ind63	26.701800570629185	17.0821001069258	94.96258625337272	165.59035446829145	138.66047038782247	0.1902353957451677	67.93473212710079	0.8388954681747886	0.24653478121339925	0.0005627554801337367	0.0001080969723436841	0.03252582938120653	32.45414480666397	160.47682062159444	0.018309786558660637	0.04411293932135858	0.3126528918612451	0.3912699589843687	0.03134932205582347	174.37696560483386	28.909792984705216	563.8163030202838	0.4561351014510817
	gen696ind36	26.702832504638344	17.058777723914154	94.93982176048794	165.01025836900791	138.45928683628478	0.19013549388214107	68.60857979358653	0.8080506027332301	0.24473911659411646	0.0005545124024127619	0.0001080371290548315	0.03239589712624389	23.93488197610645	153.51888265587715	0.018274836222294227	0.04431121783989169	0.3054569716950894	0.3837794725997269	0.03099242951082678	117.85501670534167	26.877925472614077	564.288632969815	0.4501028228976655
	gen691ind28	26.703180211546638	17.08939496434088	94.7103396051942	165.79399509740276	138.9409738502106	0.1901105308435063	66.94489950507091	0.9062131478672356	0.24566336672163377	0.0005436506389593069	0.0001080969723436841	0.03267182063239158	28.520797887845482	152.44238523537763	0.018272507341301016	0.04417293631617646	0.31660135348290736	0.39083192078998596	0.03129423965685743	168.6135155768999	27.70679248476282	564.288632969815	0.4554897177881631
