Permutation Chi-Sq km10__FREE km11__FREE km12__FREE km13__FREE km14__FREE km15__FREE km16__FREE km17__FREE km18__FREE km19__FREE km1__FREE km20__FREE km21__FREE km22__FREE km23__FREE km24__FREE km2__FREE km3__FREE km9__FREE kp10__FREE kp11__FREE kp12__FREE kp13__FREE kp14__FREE kp15__FREE kp17__FREE kp18__FREE kp19__FREE kp1__FREE kp20__FREE kp21__FREE kp22__FREE kp23__FREE kp24__FREE kp2__FREE kp3__FREE kp9__FREE
gen1751perm15 0.2133898554734693 7.54224238e-02 1.29956986e-02 1.56741527e-03 7.77390190e-04 2.82202012e-01 8.03643453e+00 3.57516803e-03 1.03950169e-01 3.22020954e-03 1.52165979e-01 7.40901783e-02 2.94500896e-02 1.43321404e+00 3.33328663e-03 2.27040959e-02 1.03755551e-01 1.12406075e-01 1.17098089e+00 1.19606954e+01 1.57192725e-06 3.31037983e-06 2.11075411e-08 3.26533649e-05 5.28312558e-01 1.06455424e-07 3.55761833e-07 7.87636614e-07 3.12409319e-07 2.01194349e-05 2.24424088e-08 2.49109436e-08 2.72286647e-06 5.49267561e-07 6.77127872e-05 6.01677130e-06 1.46105858e-01 3.62544692e-07
gen1751perm118 0.2139552065830297 7.47206749e-02 1.35184722e-02 1.50143872e-03 8.31395067e-04 2.89409982e-01 8.08531979e+00 3.59399124e-03 1.10931273e-01 3.31508713e-03 1.55771099e-01 7.15229834e-02 2.50182289e-02 1.20365621e+00 3.00755508e-03 2.26390265e-02 1.00157172e-01 1.12406075e-01 1.17098089e+00 1.30219551e+01 1.56865319e-06 3.35785248e-06 2.03351785e-08 3.43560419e-05 5.28312558e-01 9.73789718e-08 4.41958342e-07 6.91915291e-07 2.94352679e-07 2.31045252e-05 2.71502980e-08 2.65523050e-08 2.53564954e-06 5.46259883e-07 6.77127872e-05 6.01677130e-06 1.46105858e-01 3.45934036e-07
gen1751perm26 0.2140592387579383 7.48237450e-02 1.25897785e-02 1.56741527e-03 8.39182399e-04 3.16070916e-01 7.78513974e+00 3.59399124e-03 1.17090546e-01 3.31508713e-03 1.54940551e-01 7.40901783e-02 2.56471768e-02 1.20365621e+00 3.00755508e-03 2.26390265e-02 1.09445739e-01 1.12406075e-01 1.17098089e+00 1.16182528e+01 1.48983747e-06 3.32351973e-06 1.96868318e-08 3.29777699e-05 5.28312558e-01 9.73789718e-08 4.41958342e-07 6.59741113e-07 3.07632332e-07 2.21436377e-05 2.87411280e-08 2.65523050e-08 2.44509656e-06 5.49880171e-07 6.73582974e-05 6.01677130e-06 1.46105858e-01 3.91460600e-07
gen1751perm5 0.2140857515961921 7.54224238e-02 1.29538423e-02 1.47790746e-03 8.34260355e-04 3.14598225e-01 7.84699558e+00 3.62123995e-03 1.12657884e-01 3.87190438e-03 1.52165979e-01 8.21300656e-02 3.07751867e-02 1.40826963e+00 2.94053112e-03 2.19879409e-02 1.01921275e-01 1.12406075e-01 1.17098089e+00 1.09501909e+01 1.70740900e-06 3.31037983e-06 1.92448038e-08 3.32049806e-05 5.20245187e-01 9.73789718e-08 4.18247181e-07 7.30576916e-07 3.08339823e-07 2.19776048e-05 3.32964151e-08 2.96935678e-08 2.61682402e-06 5.24253277e-07 6.77127872e-05 6.01677130e-06 1.46105858e-01 3.93840144e-07
gen1751perm82 0.2142289046433540 7.54224238e-02 1.30781024e-02 2.02130888e-03 7.76000953e-04 2.68188130e-01 7.84699558e+00 3.52725990e-03 1.08348615e-01 5.33597263e-03 1.56604275e-01 8.21300656e-02 2.75262986e-02 1.37528135e+00 3.41063245e-03 2.26684285e-02 1.09970153e-01 1.12234742e-01 1.17098089e+00 1.16182528e+01 1.22908582e-06 3.32244836e-06 1.99307926e-08 3.25325132e-05 5.28312558e-01 1.01366488e-07 3.65952797e-07 7.87636614e-07 3.11862845e-07 3.57412444e-05 3.15253702e-08 2.49109436e-08 2.65503053e-06 5.14436784e-07 6.77127872e-05 6.01677130e-06 1.46105858e-01 3.83563078e-07
gen1751perm55 0.2143495976278544 7.47206749e-02 1.23234769e-02 1.56741527e-03 8.76689134e-04 2.64670331e-01 7.78513974e+00 3.79228456e-03 1.10931273e-01 3.87190438e-03 1.52165979e-01 7.76102156e-02 2.84574121e-02 1.37528135e+00 3.41063245e-03 2.21396384e-02 1.06880984e-01 1.12214433e-01 1.16841389e+00 1.29457466e+01 1.77916472e-06 3.31037983e-06 2.07926038e-08 3.27197230e-05 5.28312558e-01 9.57394934e-08 3.90144734e-07 8.58842284e-07 3.11361870e-07 2.31045252e-05 2.06312881e-08 2.71851346e-08 2.35803382e-06 5.46259883e-07 6.64027842e-05 6.01677130e-06 1.46105858e-01 4.05562916e-07
gen1751perm116 0.2150936575413663 7.47206749e-02 1.26942388e-02 1.79438084e-03 7.77390190e-04 2.82202012e-01 7.78513974e+00 3.57516803e-03 1.12657884e-01 5.11303188e-03 1.52165979e-01 8.21300656e-02 2.75262986e-02 1.37528135e+00 3.23089062e-03 2.18127425e-02 1.03755551e-01 1.15413985e-01 1.17098089e+00 1.14470723e+01 1.52375770e-06 3.35508268e-06 1.96277497e-08 3.25325132e-05 5.22803057e-01 1.03321220e-07 3.90144734e-07 7.40532291e-07 3.11862845e-07 2.31045252e-05 3.40558341e-08 2.71851346e-08 2.57776209e-06 5.31395197e-07 6.77127872e-05 6.23965686e-06 1.46105858e-01 3.74874775e-07
gen1751perm21 0.2154375798845869 7.54224238e-02 1.18474032e-02 2.12270173e-03 9.06625487e-04 2.83789265e-01 7.78513974e+00 3.52725990e-03 1.05930040e-01 5.35185136e-03 1.50426031e-01 7.70738870e-02 2.75224482e-02 1.36354053e+00 3.61284747e-03 2.26390265e-02 1.03755551e-01 1.12947048e-01 1.16841389e+00 1.25116488e+01 1.49667912e-06 3.31037983e-06 2.08292969e-08 3.43560419e-05 5.29318094e-01 1.01366488e-07 4.41958342e-07 6.63614205e-07 3.22356912e-07 2.52817812e-05 2.54347646e-08 2.49109436e-08 2.53564954e-06 5.46259883e-07 6.73582974e-05 5.94521824e-06 1.46105858e-01 4.09602715e-07
gen1751perm39 0.2155381283816561 7.53424033e-02 1.31385589e-02 2.12270173e-03 7.86906653e-04 2.80807849e-01 7.84699558e+00 3.59399124e-03 1.05930040e-01 4.65694993e-03 1.50426031e-01 7.00650457e-02 3.13810711e-02 1.40826963e+00 3.20566079e-03 2.21206083e-02 1.03755551e-01 1.12077080e-01 1.17098089e+00 1.35430123e+01 1.63936965e-06 3.35508268e-06 1.88861392e-08 3.25325132e-05 5.28312558e-01 9.56174473e-08 3.53375391e-07 7.53189332e-07 2.90621409e-07 2.39005163e-05 3.17454620e-08 2.29957404e-08 2.65547335e-06 4.82777244e-07 6.86845249e-05 6.12482285e-06 1.46105858e-01 3.44256287e-07
gen1751perm41 0.2156669358985367 7.54224238e-02 1.23234769e-02 1.69515748e-03 7.76000953e-04 2.93600716e-01 7.75185754e+00 3.59399124e-03 1.10931273e-01 4.81531975e-03 1.50426031e-01 8.21300656e-02 2.86275488e-02 1.38731344e+00 3.17687541e-03 2.10159625e-02 9.99523086e-02 1.12234742e-01 1.17098089e+00 1.25047759e+01 1.88160971e-06 3.35508268e-06 2.14069961e-08 3.25325132e-05 5.28312558e-01 1.00208697e-07 3.23448054e-07 7.40532291e-07 3.11862845e-07 3.91305264e-05 3.16760081e-08 2.29375806e-08 2.65158121e-06 5.31395197e-07 6.77127872e-05 6.01677130e-06 1.46105858e-01 3.83563078e-07
gen1751perm65 0.2158106286642942 7.54224238e-02 1.32433356e-02 2.24364149e-03 8.04390996e-04 2.93600716e-01 7.96992998e+00 3.64532609e-03 1.00545650e-01 5.06447526e-03 1.56604275e-01 8.21300656e-02 2.75262986e-02 1.37528135e+00 3.41063245e-03 2.26684285e-02 1.03344994e-01 1.12406075e-01 1.17098089e+00 1.16182528e+01 1.88160971e-06 3.30965310e-06 2.02815142e-08 3.25325132e-05 5.28312558e-01 1.06228837e-07 3.72509069e-07 6.92681267e-07 3.11862845e-07 3.57412444e-05 3.15253702e-08 2.49109436e-08 2.69875776e-06 5.31395197e-07 6.79272865e-05 6.01677130e-06 1.46105858e-01 3.83563078e-07
gen1751perm62 0.2159396721900732 7.51937812e-02 1.23234769e-02 1.56741527e-03 6.17635022e-04 3.21143044e-01 7.84699558e+00 3.59399124e-03 1.10931273e-01 3.58059399e-03 1.52165979e-01 9.11532288e-02 2.51316197e-02 1.45234221e+00 2.94136801e-03 2.21852711e-02 1.03755551e-01 1.12406075e-01 1.17098089e+00 1.14470723e+01 1.77783755e-06 3.31037983e-06 2.02815142e-08 3.30139251e-05 5.28312558e-01 9.17830926e-08 3.90144734e-07 7.93528607e-07 3.11361870e-07 2.32527920e-05 2.55519891e-08 2.29940318e-08 2.61682402e-06 5.42402620e-07 6.64027842e-05 6.01677130e-06 1.46105858e-01 3.93840144e-07
gen1751perm48 0.2160656157556686 7.45341107e-02 1.29956986e-02 1.66027395e-03 7.56998441e-04 2.80807849e-01 7.84699558e+00 3.59540179e-03 1.12657884e-01 4.14472049e-03 1.56604275e-01 7.90846855e-02 2.75262986e-02 1.37102924e+00 3.30273782e-03 2.26390265e-02 1.03755551e-01 1.12077080e-01 1.17098089e+00 1.21842747e+01 1.74493325e-06 3.35508268e-06 1.94391929e-08 3.04903565e-05 5.28312558e-01 1.01366488e-07 3.74365568e-07 6.98603433e-07 2.98408301e-07 2.25540736e-05 2.77043556e-08 2.29957404e-08 2.77197168e-06 5.31395197e-07 6.87744296e-05 6.27741934e-06 1.46105858e-01 3.93840144e-07
gen1751perm64 0.2161413711411491 7.47206749e-02 1.25897785e-02 1.54127174e-03 7.77390190e-04 3.14627391e-01 7.84699558e+00 3.59399124e-03 1.12657884e-01 3.14580802e-03 1.56604275e-01 8.21300656e-02 2.67765650e-02 1.18459264e+00 2.68868322e-03 2.26390265e-02 1.03755551e-01 1.12406075e-01 1.17098089e+00 1.23566036e+01 1.65140431e-06 3.31037983e-06 1.92448038e-08 3.21555750e-05 5.28312558e-01 9.31231206e-08 3.59624017e-07 7.40532291e-07 3.12409319e-07 2.19776048e-05 3.32964151e-08 2.73508493e-08 2.53794255e-06 5.31395197e-07 6.77127872e-05 6.01677130e-06 1.46105858e-01 3.79206201e-07
gen1751perm107 0.2161865027072586 7.47206749e-02 1.26494351e-02 1.66027395e-03 8.39182399e-04 2.93600716e-01 8.00963056e+00 3.59399124e-03 1.10931273e-01 4.53609867e-03 1.54940551e-01 6.74518426e-02 2.95700104e-02 1.20365621e+00 3.14494126e-03 2.31723641e-02 9.76057340e-02 1.12406075e-01 1.17098089e+00 1.30219551e+01 1.64078120e-06 3.34406097e-06 1.88861392e-08 3.25325132e-05 5.29318094e-01 9.20369779e-08 4.41958342e-07 6.89120229e-07 3.22356912e-07 2.31045252e-05 3.36371471e-08 2.65523050e-08 2.53564954e-06 5.46259883e-07 7.22098858e-05 6.01677130e-06 1.46105858e-01 3.72395325e-07
gen1751perm119 0.2163431084035417 7.54224238e-02 1.25897785e-02 1.56741527e-03 8.76689134e-04 2.82202012e-01 7.78513974e+00 3.59399124e-03 1.10931273e-01 4.22808945e-03 1.54732794e-01 8.21300656e-02 2.67573407e-02 1.18459264e+00 3.41063245e-03 2.21852711e-02 1.03344994e-01 1.08520720e-01 1.17098089e+00 1.18823905e+01 1.81129758e-06 3.31037983e-06 1.96520832e-08 3.25325132e-05 5.29318094e-01 1.11196351e-07 3.47825732e-07 7.40532291e-07 3.45685208e-07 2.31045252e-05 2.06312881e-08 3.07912464e-08 2.66519873e-06 5.31395197e-07 6.77127872e-05 6.01677130e-06 1.46105858e-01 3.69876366e-07
gen1751perm138 0.2170579431740046 7.54224238e-02 1.29956986e-02 2.12270173e-03 7.77390190e-04 2.58300736e-01 8.03643453e+00 3.57516803e-03 1.03950169e-01 3.87190438e-03 1.50426031e-01 7.40901783e-02 3.10218942e-02 1.43321404e+00 3.08013666e-03 2.03428053e-02 1.03755551e-01 1.12947048e-01 1.17098089e+00 1.09476265e+01 1.57192725e-06 3.31037983e-06 2.08292969e-08 3.26533649e-05 5.28312558e-01 1.01366488e-07 3.55761833e-07 7.87636614e-07 2.85375878e-07 2.01194349e-05 2.79097931e-08 2.49109436e-08 2.72286647e-06 5.07042183e-07 6.16989403e-05 6.01677130e-06 1.46105858e-01 3.93840144e-07
gen1751perm143 0.2172124617175480 7.46656327e-02 1.14910467e-02 1.56741527e-03 7.05492562e-04 2.80807849e-01 7.78513974e+00 3.59399124e-03 1.12657884e-01 3.87190438e-03 1.51423835e-01 8.21300656e-02 2.75224482e-02 1.40826963e+00 2.83591744e-03 2.34918676e-02 1.03755551e-01 1.14681003e-01 1.17098089e+00 1.14884697e+01 1.58590762e-06 3.31037983e-06 1.69710576e-08 3.32049806e-05 5.39024376e-01 1.11196351e-07 3.45901981e-07 7.34570009e-07 3.12620675e-07 2.38031178e-05 2.24424088e-08 2.73508493e-08 2.53564954e-06 5.31395197e-07 6.77127872e-05 5.98383675e-06 1.46105858e-01 3.95955286e-07
gen1751perm12 0.2172939491070041 7.54224238e-02 1.14910467e-02 2.12270173e-03 8.62864014e-04 2.80807849e-01 7.81793073e+00 3.59399124e-03 1.12657884e-01 4.86564884e-03 1.51423835e-01 7.15229834e-02 2.75224482e-02 1.27391684e+00 3.52793687e-03 2.18336780e-02 1.00290460e-01 1.12947048e-01 1.17098089e+00 1.16182528e+01 1.49667912e-06 3.31037983e-06 2.13708964e-08 3.61260338e-05 5.28312558e-01 1.00479772e-07 3.55761833e-07 6.91915291e-07 3.22356912e-07 2.44399306e-05 2.24424088e-08 2.29375806e-08 2.61682402e-06 5.31395197e-07 6.77127872e-05 6.01677130e-06 1.46105858e-01 4.19438362e-07
gen1751perm100 0.2178405345596713 7.51937812e-02 1.23234769e-02 2.12270173e-03 8.34260355e-04 2.93600716e-01 7.84699558e+00 3.59399124e-03 1.09531250e-01 3.49932641e-03 1.52165979e-01 9.11532288e-02 3.00557818e-02 1.36354053e+00 3.33328663e-03 2.21852711e-02 1.03755551e-01 1.12406075e-01 1.17098089e+00 1.17086768e+01 1.68009516e-06 3.31037983e-06 1.88861392e-08 3.29777699e-05 5.28312558e-01 1.03059801e-07 3.90144734e-07 7.40532291e-07 2.96937080e-07 2.00999982e-05 2.77105025e-08 3.07912464e-08 2.59403163e-06 5.24253277e-07 7.14117398e-05 6.08760842e-06 1.45659649e-01 3.93840144e-07
gen1751perm4 0.2183680378016379 7.28870860e-02 1.18034867e-02 1.54127174e-03 8.06822781e-04 2.89475051e-01 8.11048780e+00 3.59399124e-03 1.16802932e-01 3.94313696e-03 1.44605632e-01 6.96743933e-02 2.51316197e-02 1.40826963e+00 2.94136801e-03 2.19340951e-02 1.03344994e-01 1.12406075e-01 1.17098089e+00 1.27246778e+01 1.72132008e-06 3.03979535e-06 1.92448038e-08 3.26533649e-05 5.28312558e-01 8.68176186e-08 3.65952797e-07 8.13107784e-07 2.67585534e-07 2.01194349e-05 2.86139369e-08 2.71851346e-08 2.66418298e-06 5.31395197e-07 6.60251229e-05 6.01677130e-06 1.46105858e-01 3.76157801e-07
gen1751perm11 0.2185487345240540 7.59910113e-02 1.29956986e-02 1.69515748e-03 7.47542507e-04 2.83789265e-01 8.64736478e+00 3.59399124e-03 1.10931273e-01 5.33597263e-03 1.50426031e-01 8.21300656e-02 2.67375839e-02 1.40826963e+00 3.10967828e-03 2.26390265e-02 1.03755551e-01 1.12406075e-01 1.17098089e+00 1.16182528e+01 1.58590762e-06 3.31037983e-06 2.08292969e-08 3.04819398e-05 5.28312558e-01 1.01366488e-07 3.78444467e-07 7.40532291e-07 3.05924236e-07 2.19214480e-05 2.87411280e-08 2.52899086e-08 2.53564954e-06 5.31395197e-07 6.77127872e-05 6.01677130e-06 1.46105858e-01 3.93840144e-07
gen1751perm88 0.2186166410212299 7.54224238e-02 1.18034867e-02 1.56741527e-03 8.06822781e-04 2.97782532e-01 7.78513974e+00 3.52725990e-03 1.09131502e-01 2.90111728e-03 1.52165979e-01 7.15229834e-02 3.01332662e-02 1.42045607e+00 2.68868322e-03 2.26390265e-02 1.03344994e-01 1.12947048e-01 1.17098089e+00 1.07835448e+01 1.81129758e-06 3.40783047e-06 1.94654028e-08 3.25325132e-05 5.28312558e-01 8.68176186e-08 3.39850467e-07 6.92681267e-07 2.44482189e-07 2.31045252e-05 2.86139369e-08 2.70357483e-08 2.53779573e-06 5.49267561e-07 6.64027842e-05 5.70033675e-06 1.46105858e-01 4.08712216e-07
gen1751perm25 0.2187769675929909 7.47206749e-02 1.15709771e-02 1.66027395e-03 8.34260355e-04 2.89333274e-01 7.78513974e+00 3.59399124e-03 1.10931273e-01 3.87190438e-03 1.55771099e-01 7.15229834e-02 2.95700104e-02 1.17048901e+00 2.98792375e-03 2.26390265e-02 1.03755551e-01 1.14728854e-01 1.17098089e+00 1.30219551e+01 1.68459098e-06 3.35785248e-06 1.90483561e-08 3.43560419e-05 5.28312558e-01 1.00828030e-07 3.83843297e-07 6.91915291e-07 3.22356912e-07 2.10119223e-05 2.87411280e-08 2.66448496e-08 2.53564954e-06 5.26965580e-07 6.77127872e-05 6.01677130e-06 1.46105858e-01 3.45934036e-07
gen1751perm36 0.2190651179496146 7.54224238e-02 1.22489293e-02 1.69515748e-03 8.27556543e-04 2.80807849e-01 7.78513974e+00 3.66210822e-03 1.10931273e-01 3.87190438e-03 1.59384967e-01 8.21300656e-02 3.17349611e-02 1.42060579e+00 3.24752115e-03 2.26390265e-02 1.11427533e-01 1.12406075e-01 1.17098089e+00 1.15036675e+01 1.57192725e-06 3.31037983e-06 2.08292969e-08 3.32049806e-05 5.20135834e-01 1.01366488e-07 3.83843297e-07 7.30576916e-07 3.11862845e-07 2.21436377e-05 3.15253702e-08 2.65523050e-08 2.87339127e-06 5.31395197e-07 6.77127872e-05 5.99038284e-06 1.46105858e-01 3.64806087e-07
gen1751perm86 0.2191176364329417 7.54224238e-02 1.16530683e-02 2.12270173e-03 8.39182399e-04 2.82202012e-01 8.06489178e+00 3.45882363e-03 1.09131502e-01 3.49932641e-03 1.46830487e-01 7.40901783e-02 2.84574121e-02 1.42045607e+00 3.41063245e-03 2.31015738e-02 1.03755551e-01 1.12406075e-01 1.17098089e+00 1.29107258e+01 1.45675071e-06 3.45203059e-06 2.08292969e-08 3.32049806e-05 5.28312558e-01 1.01366488e-07 3.68164309e-07 7.92577901e-07 3.12409319e-07 1.93968991e-05 3.08625866e-08 2.51339257e-08 2.61682402e-06 5.67193537e-07 6.77127872e-05 6.01677130e-06 1.46105858e-01 3.57188963e-07
gen1751perm117 0.2195301370733979 7.47206749e-02 1.15709771e-02 1.56741527e-03 8.34260355e-04 2.79777691e-01 7.78513974e+00 3.59399124e-03 1.11062754e-01 5.06447526e-03 1.57621144e-01 7.55771079e-02 2.95700104e-02 1.47957915e+00 3.59189951e-03 2.26390265e-02 1.09445739e-01 1.12406075e-01 1.15634784e+00 1.16182528e+01 1.68459098e-06 3.30965310e-06 1.90483561e-08 3.29777699e-05 5.28312558e-01 1.07472850e-07 3.83843297e-07 6.89704135e-07 3.22356912e-07 2.21868611e-05 2.92252816e-08 2.65523050e-08 2.53564954e-06 5.30366963e-07 6.73582974e-05 6.01677130e-06 1.46105858e-01 4.40835891e-07
gen1751perm83 0.2195800595893727 7.43344043e-02 1.23234769e-02 1.66027395e-03 7.77390190e-04 3.15065873e-01 7.09505650e+00 3.63263464e-03 1.13867198e-01 6.03299272e-03 1.59764110e-01 6.37048390e-02 2.67573407e-02 1.35133442e+00 3.09349605e-03 2.21852711e-02 1.13006800e-01 1.12947048e-01 1.17098089e+00 1.08405703e+01 1.62547509e-06 3.31037983e-06 1.96868318e-08 3.25325132e-05 5.28312558e-01 1.03049882e-07 3.55761833e-07 7.87636614e-07 2.85375878e-07 1.87387206e-05 3.04809193e-08 2.72475667e-08 2.59835352e-06 5.31395197e-07 6.77127872e-05 6.01677130e-06 1.46105858e-01 3.74874775e-07
gen1751perm136 0.2196003197246166 7.51937812e-02 1.23234769e-02 1.47790746e-03 8.17606501e-04 2.82202012e-01 7.84699558e+00 3.66210822e-03 1.09531250e-01 3.87190438e-03 1.52165979e-01 9.11532288e-02 3.00557818e-02 1.30618194e+00 3.23089062e-03 2.26390265e-02 1.03755551e-01 1.12406075e-01 1.17098089e+00 1.17086768e+01 1.77878639e-06 3.35508268e-06 1.96277497e-08 3.32049806e-05 5.28312558e-01 9.57394934e-08 3.90144734e-07 7.40532291e-07 3.11862845e-07 2.21436377e-05 3.15253702e-08 2.51339257e-08 2.63240842e-06 5.24253277e-07 6.78731236e-05 6.01677130e-06 1.46105858e-01 3.52980800e-07
gen1751perm129 0.2200224230151800 7.60859128e-02 1.25869168e-02 1.65594168e-03 6.80819134e-04 2.80807849e-01 7.75185754e+00 3.59399124e-03 1.12657884e-01 4.99817392e-03 1.56575777e-01 7.15229834e-02 2.50182289e-02 1.40826963e+00 3.44893595e-03 2.30850033e-02 1.00157172e-01 1.18145764e-01 1.19686851e+00 1.14065574e+01 1.71459819e-06 3.30965310e-06 2.15000261e-08 3.17835674e-05 5.28312558e-01 1.01366488e-07 3.65952797e-07 7.56020808e-07 2.97666326e-07 1.93059506e-05 2.92252816e-08 2.77381868e-08 2.63240842e-06 5.31395197e-07 6.77127872e-05 6.01677130e-06 1.51499262e-01 3.74874775e-07
gen1751perm134 0.2200284008225440 7.54224238e-02 1.29956986e-02 2.29436250e-03 7.77390190e-04 3.01833669e-01 8.32801035e+00 3.57516803e-03 1.13890414e-01 4.18181571e-03 1.50426031e-01 7.40901783e-02 2.84574121e-02 1.40826963e+00 3.20642975e-03 2.16580039e-02 1.03755551e-01 1.12077080e-01 1.17098089e+00 1.19606954e+01 1.81129758e-06 3.23017369e-06 1.96520832e-08 3.25325132e-05 5.28312558e-01 9.20369779e-08 3.25992413e-07 6.89120229e-07 2.98969678e-07 2.01194349e-05 2.79097931e-08 2.73508493e-08 2.72286647e-06 5.15007909e-07 6.77127872e-05 6.01677130e-06 1.46105858e-01 3.92624950e-07
gen1751perm3 0.2203626576280650 7.54224238e-02 1.23234769e-02 1.62671129e-03 8.34260355e-04 2.93600716e-01 8.06077720e+00 3.59399124e-03 1.05930040e-01 3.49932641e-03 1.52165979e-01 9.11532288e-02 2.96673141e-02 1.45234221e+00 2.68868322e-03 2.04256226e-02 1.13966848e-01 1.15681044e-01 1.17098089e+00 1.14470723e+01 1.60060943e-06 3.34406097e-06 1.98950995e-08 3.30139251e-05 5.28312558e-01 1.03059801e-07 3.65952797e-07 7.87636614e-07 2.65444807e-07 2.01194349e-05 2.79097931e-08 2.70357483e-08 2.68463954e-06 5.24253277e-07 6.77127872e-05 5.99769208e-06 1.46105858e-01 4.13916343e-07
gen1751perm46 0.2209679832815941 7.51937812e-02 1.26494351e-02 1.70734175e-03 8.17606501e-04 2.93600716e-01 7.84699558e+00 3.59399124e-03 1.08946696e-01 3.49932641e-03 1.42604536e-01 9.11532288e-02 2.75262986e-02 1.18459264e+00 3.41063245e-03 2.21852711e-02 9.80559176e-02 1.17841430e-01 1.17098089e+00 1.18552451e+01 1.73754131e-06 3.35508268e-06 1.87788918e-08 3.30139251e-05 5.28312558e-01 1.03059801e-07 3.59624017e-07 7.56791089e-07 2.55487416e-07 2.25049981e-05 2.79097931e-08 2.71851346e-08 2.66418298e-06 5.43862726e-07 6.60251229e-05 5.99769208e-06 1.46105858e-01 4.03416554e-07
gen1751perm16 0.2210910729601924 7.54224238e-02 1.23234769e-02 2.12270173e-03 8.53497240e-04 2.79694731e-01 7.78513974e+00 3.59399124e-03 1.13655152e-01 3.87190438e-03 1.50426031e-01 7.36306620e-02 3.10218942e-02 1.42045607e+00 3.41063245e-03 2.21852711e-02 1.06880984e-01 1.12947048e-01 1.18766117e+00 1.14470723e+01 1.81129758e-06 3.31037983e-06 2.13708964e-08 3.25325132e-05 5.28312558e-01 9.57394934e-08 3.68164309e-07 7.30576916e-07 2.85375878e-07 2.31045252e-05 2.79097931e-08 2.71851346e-08 2.39188120e-06 5.31395197e-07 6.41385003e-05 6.01677130e-06 1.46105858e-01 3.93840144e-07
gen1751perm106 0.2216183849335962 7.47206749e-02 1.26494351e-02 1.61413611e-03 8.17606501e-04 2.93600716e-01 8.06200982e+00 3.37855510e-03 1.05930040e-01 3.31508713e-03 1.54940551e-01 7.15229834e-02 2.94018197e-02 1.40826963e+00 3.24752115e-03 2.26390265e-02 1.03755551e-01 1.12077080e-01 1.15196280e+00 1.18552451e+01 1.81955758e-06 3.34406097e-06 1.96520832e-08 3.32049806e-05 5.28312558e-01 9.73789718e-08 3.42714229e-07 6.50259455e-07 2.90621409e-07 2.07985557e-05 3.32964151e-08 2.65523050e-08 2.65547335e-06 5.43862726e-07 6.77127872e-05 6.01677130e-06 1.46105858e-01 4.05016414e-07
gen1751perm2 0.2220762799897869 7.54224238e-02 1.29956986e-02 2.12270173e-03 8.11875278e-04 3.01833669e-01 7.78513974e+00 3.59399124e-03 1.03950169e-01 4.38260453e-03 1.50426031e-01 9.00379840e-02 2.84574121e-02 1.43321404e+00 3.41063245e-03 2.33311061e-02 1.03755551e-01 1.20197416e-01 1.16841389e+00 1.19606954e+01 1.81129758e-06 3.23755718e-06 2.08292969e-08 2.98836861e-05 5.22803057e-01 9.47643375e-08 3.55761833e-07 7.14066988e-07 3.18883437e-07 2.31045252e-05 3.12824429e-08 2.73241367e-08 2.72286647e-06 5.46259883e-07 6.64027842e-05 6.24829546e-06 1.46105858e-01 3.93840144e-07
gen1751perm120 0.2223501217019665 7.54224238e-02 1.23234769e-02 1.66027395e-03 7.77390190e-04 2.93600716e-01 7.78513974e+00 3.59399124e-03 1.12657884e-01 4.30071959e-03 1.40247282e-01 7.40901783e-02 2.84574121e-02 1.37528135e+00 3.75553170e-03 2.31723641e-02 1.06880984e-01 1.12406075e-01 1.17098089e+00 1.43295253e+01 1.72132008e-06 3.31037983e-06 1.88861392e-08 3.11747705e-05 5.28312558e-01 1.03059801e-07 3.68707237e-07 6.92681267e-07 3.11361870e-07 2.33996188e-05 2.58295756e-08 2.31049110e-08 2.86042408e-06 5.44381860e-07 6.64027842e-05 6.01677130e-06 1.46105858e-01 3.93840144e-07
gen1751perm66 0.2226419276515146 7.54224238e-02 1.25897785e-02 1.63551650e-03 7.78343577e-04 2.80807849e-01 7.61054258e+00 3.52725990e-03 1.08348615e-01 5.33597263e-03 1.52165979e-01 7.76102156e-02 2.93886917e-02 1.34658946e+00 3.31164714e-03 2.25213109e-02 9.99523086e-02 1.01564456e-01 1.18194663e+00 1.18999851e+01 1.41245500e-06 3.35508268e-06 1.96277497e-08 3.43560419e-05 5.28312558e-01 1.07472850e-07 3.65952797e-07 8.06843154e-07 3.02905621e-07 2.39805533e-05 2.84444573e-08 2.89287882e-08 2.53564954e-06 5.31395197e-07 6.81301691e-05 6.01677130e-06 1.46105858e-01 4.40835891e-07
gen1751perm75 0.2234968348130346 7.48109686e-02 1.26494351e-02 1.70734175e-03 8.39182399e-04 2.92766075e-01 7.78513974e+00 3.72219167e-03 1.05930040e-01 3.49932641e-03 1.50426031e-01 7.00650457e-02 3.11107442e-02 1.18572474e+00 3.41063245e-03 2.20485767e-02 1.03755551e-01 1.07051431e-01 1.17098089e+00 1.18552451e+01 1.68459098e-06 3.34406097e-06 1.96520832e-08 3.32049806e-05 5.28312558e-01 9.69576954e-08 3.42714229e-07 7.65411349e-07 2.97171509e-07 2.52817812e-05 2.94319099e-08 2.60792074e-08 2.81402437e-06 5.31395197e-07 6.77127872e-05 6.01677130e-06 1.46105858e-01 4.05016414e-07
gen1751perm71 0.2239184683663645 7.54224238e-02 1.30122027e-02 1.70523499e-03 7.05492562e-04 3.07158954e-01 7.84699558e+00 3.59399124e-03 1.12657884e-01 3.49932641e-03 1.51423835e-01 8.77499144e-02 2.75224482e-02 1.12359361e+00 3.23089062e-03 2.18336780e-02 1.03755551e-01 1.12406075e-01 1.17098089e+00 1.21842747e+01 1.65857869e-06 3.31037983e-06 1.81035215e-08 3.25325132e-05 5.28312558e-01 1.11290917e-07 3.65952797e-07 6.92681267e-07 3.22356912e-07 2.19776048e-05 3.15253702e-08 2.73508493e-08 2.61682402e-06 5.31395197e-07 6.77127872e-05 5.98383675e-06 1.46105858e-01 3.97976992e-07
gen1751perm69 0.2241849666652509 7.51937812e-02 1.15709771e-02 1.56411161e-03 8.34260355e-04 2.93600716e-01 7.75185754e+00 3.59399124e-03 1.11062754e-01 3.47916549e-03 1.56575777e-01 9.11532288e-02 2.99742782e-02 1.36354053e+00 3.44893595e-03 2.30850033e-02 1.03755551e-01 1.12406075e-01 1.17098089e+00 1.14470723e+01 1.68009516e-06 3.30965310e-06 1.96868318e-08 3.29777699e-05 5.28312558e-01 1.07472850e-07 3.65952797e-07 7.40532291e-07 2.94352679e-07 1.93059506e-05 2.54347646e-08 3.07912464e-08 2.59403163e-06 5.24253277e-07 6.73582974e-05 6.01677130e-06 1.46105858e-01 4.28156048e-07
gen1751perm93 0.2242439309527717 7.54224238e-02 1.25517245e-02 2.12270173e-03 7.76000953e-04 2.85561983e-01 7.08040377e+00 3.59399124e-03 1.08348615e-01 5.33597263e-03 1.50426031e-01 7.44459029e-02 2.75224482e-02 1.48330137e+00 3.14574614e-03 2.27040959e-02 1.06880984e-01 1.12406075e-01 1.17098089e+00 1.18823905e+01 1.49667912e-06 3.35508268e-06 1.96868318e-08 3.25325132e-05 5.19755216e-01 1.07817826e-07 3.23448054e-07 6.92681267e-07 3.05718964e-07 2.52817812e-05 2.87411280e-08 2.49109436e-08 2.81402437e-06 5.31395197e-07 6.77127872e-05 6.01677130e-06 1.46105858e-01 3.95955286e-07
gen1751perm131 0.2243076848960212 7.42535111e-02 1.19688452e-02 1.54127174e-03 8.06822781e-04 2.76173196e-01 7.84699558e+00 3.59399124e-03 1.04602249e-01 3.31157607e-03 1.54251692e-01 7.00726122e-02 2.72473099e-02 1.18572474e+00 2.68868322e-03 2.19879409e-02 1.06880984e-01 1.12406075e-01 1.17098089e+00 1.13765407e+01 1.67744936e-06 3.31037983e-06 1.72187455e-08 2.93629211e-05 5.28312558e-01 9.57394934e-08 3.24995643e-07 6.91915291e-07 3.12409319e-07 2.19776048e-05 3.40749718e-08 2.93470591e-08 2.51749484e-06 5.31395197e-07 6.60251229e-05 6.01677130e-06 1.46105858e-01 3.90445238e-07
gen1751perm130 0.2244416679684838 7.46830303e-02 1.15709771e-02 1.65594168e-03 6.36721306e-04 2.89409982e-01 8.08774575e+00 3.59399124e-03 1.11062754e-01 3.27508692e-03 1.56604275e-01 8.21300656e-02 2.71860833e-02 1.52115971e+00 3.44893595e-03 2.18762057e-02 1.04868319e-01 1.12406075e-01 1.17098089e+00 1.23116572e+01 1.72132008e-06 3.35508268e-06 1.96868318e-08 3.43560419e-05 5.28312558e-01 1.07472850e-07 3.65952797e-07 7.40532291e-07 2.94352679e-07 1.93059506e-05 2.88029074e-08 2.32318971e-08 2.64235561e-06 5.31395197e-07 6.77127872e-05 5.66012760e-06 1.46105858e-01 4.40835891e-07
gen1751perm50 0.2245654647174498 7.54224238e-02 1.28778604e-02 1.69515748e-03 8.27556543e-04 2.80807849e-01 8.03643453e+00 3.88923240e-03 1.10931273e-01 5.60017138e-03 1.53827300e-01 8.21300656e-02 3.10218942e-02 1.42060579e+00 3.33328663e-03 2.26390265e-02 1.03755551e-01 1.16405890e-01 1.10736075e+00 1.15036675e+01 1.57192725e-06 3.13422946e-06 2.21904050e-08 3.26533649e-05 5.34858147e-01 1.01366488e-07 3.55761833e-07 7.87636614e-07 3.11862845e-07 2.44399306e-05 2.66930254e-08 2.49109436e-08 2.34112088e-06 5.31395197e-07 6.77127872e-05 5.99038284e-06 1.38144393e-01 3.93840144e-07
gen1751perm137 0.2255570692857039 7.54224238e-02 1.29956986e-02 2.12270173e-03 7.77390190e-04 3.01833669e-01 7.41111393e+00 3.57516803e-03 1.03950169e-01 4.18181571e-03 1.50426031e-01 7.36306620e-02 2.84574121e-02 1.43321404e+00 3.33328663e-03 2.21852711e-02 1.03755551e-01 1.02516917e-01 1.17098089e+00 1.19606954e+01 1.81129758e-06 3.34658084e-06 2.08292969e-08 3.06288870e-05 5.28312558e-01 8.51065646e-08 3.55761833e-07 7.87636614e-07 2.83764011e-07 2.01194349e-05 2.79097931e-08 2.73241367e-08 2.72286647e-06 5.31395197e-07 6.77127872e-05 5.50740340e-06 1.46062182e-01 3.93840144e-07
gen1751perm122 0.2255933521215605 7.54224238e-02 1.23234769e-02 1.63551650e-03 8.76689134e-04 2.80807849e-01 7.74881804e+00 3.52725990e-03 1.09131502e-01 5.33597263e-03 1.47520626e-01 8.21300656e-02 2.75262986e-02 1.40826963e+00 3.45323297e-03 2.26684285e-02 1.03755551e-01 1.12234742e-01 1.17098089e+00 1.22060012e+01 1.77804978e-06 3.35508268e-06 2.13708964e-08 3.25325132e-05 5.28312558e-01 1.01366488e-07 3.65952797e-07 6.92681267e-07 3.11862845e-07 3.69155198e-05 3.15253702e-08 2.49109436e-08 2.42106504e-06 5.31395197e-07 6.64027842e-05 6.01677130e-06 1.46105858e-01 3.59269695e-07
gen1751perm105 0.2259019339550548 7.54224238e-02 1.25897785e-02 2.12270173e-03 7.35128228e-04 2.66423144e-01 7.78513974e+00 3.66210822e-03 1.10931273e-01 3.49932641e-03 1.50426031e-01 7.00650457e-02 2.67573407e-02 1.40826963e+00 3.41063245e-03 2.44445097e-02 1.04868319e-01 1.12406075e-01 1.17098089e+00 1.16182528e+01 1.68459098e-06 3.31037983e-06 1.96520832e-08 3.25325132e-05 5.28312558e-01 9.20369779e-08 3.83843297e-07 7.30576916e-07 3.11862845e-07 2.21436377e-05 2.87411280e-08 2.74836846e-08 2.63240842e-06 5.31395197e-07 6.77127872e-05 6.01677130e-06 1.46105858e-01 3.88064095e-07
gen1751perm92 0.2262042474001129 7.54224238e-02 1.30122027e-02 1.69515748e-03 8.34260355e-04 2.57722740e-01 7.78513974e+00 3.59399124e-03 1.10931273e-01 3.49932641e-03 1.51423835e-01 8.77499144e-02 2.51316197e-02 1.36354053e+00 3.23089062e-03 2.18336780e-02 1.03755551e-01 1.12406075e-01 1.17098089e+00 1.22772795e+01 1.65281541e-06 3.31037983e-06 2.28052003e-08 3.32860682e-05 5.28312558e-01 1.10545855e-07 3.90144734e-07 7.40532291e-07 2.88629367e-07 2.19776048e-05 2.79097931e-08 2.12820431e-08 2.81402437e-06 5.31395197e-07 5.98497709e-05 5.99769208e-06 1.43172642e-01 3.55227078e-07
gen1751perm52 0.2271440444110883 7.45341107e-02 1.25897785e-02 2.12270173e-03 7.77390190e-04 2.80807849e-01 7.84699558e+00 3.63263464e-03 1.05930040e-01 3.49932641e-03 1.50426031e-01 7.00650457e-02 2.94018197e-02 1.40826963e+00 3.23089062e-03 2.26390265e-02 1.10487818e-01 1.01844408e-01 1.17098089e+00 1.24237020e+01 1.72132008e-06 3.35508268e-06 1.96520832e-08 3.25325132e-05 5.28312558e-01 9.34142872e-08 3.65952797e-07 7.50020318e-07 3.20859875e-07 2.07985557e-05 3.15253702e-08 2.51339257e-08 2.65547335e-06 5.81910081e-07 6.77127872e-05 6.01677130e-06 1.46105858e-01 3.80809454e-07
gen1751perm103 0.2274298325845960 7.54224238e-02 1.23234769e-02 1.96322957e-03 8.39182399e-04 2.82202012e-01 7.78513974e+00 3.59399124e-03 1.05930040e-01 4.17056364e-03 1.50426031e-01 7.04189618e-02 2.84574121e-02 1.36354053e+00 3.41063245e-03 2.16580039e-02 9.79702402e-02 1.12406075e-01 1.16841389e+00 1.29107258e+01 1.70740900e-06 3.34406097e-06 2.21409933e-08 3.32049806e-05 5.19633534e-01 1.01366488e-07 4.41958342e-07 7.09344875e-07 3.22356912e-07 2.52817812e-05 2.98809132e-08 2.89287882e-08 2.81402437e-06 5.31395197e-07 6.73582974e-05 6.01677130e-06 1.46105858e-01 3.68311170e-07
gen1751perm73 0.2289169927724798 8.06134684e-02 1.29956986e-02 1.67988647e-03 7.77390190e-04 2.93600716e-01 8.55979760e+00 3.59399124e-03 1.12657884e-01 5.33597263e-03 1.50426031e-01 7.40728866e-02 2.75262986e-02 1.40826963e+00 3.23089062e-03 2.36386413e-02 1.03755551e-01 1.12947048e-01 1.17098089e+00 1.16182528e+01 1.70740900e-06 3.45414882e-06 1.91608621e-08 3.25325132e-05 5.28312558e-01 1.01366488e-07 3.55761833e-07 7.40532291e-07 3.05924236e-07 2.01194349e-05 3.32964151e-08 2.73508493e-08 2.53564954e-06 5.31395197e-07 6.80876355e-05 6.01250381e-06 1.46105858e-01 3.94141017e-07
gen1751perm90 0.2290106555110700 7.54224238e-02 1.25897785e-02 1.54127174e-03 8.86993661e-04 2.80807849e-01 7.62524739e+00 3.81062967e-03 1.04228990e-01 3.49932641e-03 1.52165979e-01 8.77499144e-02 3.12724186e-02 1.40826963e+00 3.55951662e-03 2.19340951e-02 1.03755551e-01 1.12406075e-01 1.17098089e+00 1.21325448e+01 1.72132008e-06 3.46237998e-06 1.97954079e-08 3.29777699e-05 5.75259946e-01 1.01366488e-07 3.65952797e-07 7.40532291e-07 3.02411322e-07 2.21863038e-05 2.83970975e-08 2.29375806e-08 2.61682402e-06 5.31395197e-07 6.11422534e-05 5.67431744e-06 1.46105858e-01 3.93840144e-07
gen1751perm38 0.2307068705076178 7.54224238e-02 1.24437419e-02 1.93977162e-03 7.86906653e-04 2.81476163e-01 7.92892981e+00 3.24891224e-03 1.09131502e-01 4.53609867e-03 1.50426031e-01 8.85427046e-02 3.36126331e-02 1.42045607e+00 3.84849998e-03 2.26390265e-02 9.80044059e-02 1.12406075e-01 1.17098089e+00 1.07246349e+01 1.58590762e-06 3.31037983e-06 1.88861392e-08 3.25325132e-05 5.28312558e-01 9.20369779e-08 3.42714229e-07 8.01158361e-07 3.12409319e-07 2.40142825e-05 2.26708970e-08 2.51339257e-08 2.61682402e-06 5.24253277e-07 6.86845249e-05 6.01677130e-06 1.46105858e-01 3.33269799e-07
gen1751perm110 0.2310573271854429 7.45341107e-02 1.25897785e-02 2.12270173e-03 7.77390190e-04 2.80807849e-01 7.84699558e+00 3.63263464e-03 1.12657884e-01 3.31209059e-03 1.56604275e-01 7.76102156e-02 2.75224482e-02 1.52676400e+00 3.42463178e-03 2.03410956e-02 1.04623407e-01 1.12406075e-01 1.17098089e+00 1.24237020e+01 1.41245500e-06 3.30965310e-06 2.11548865e-08 3.25325132e-05 5.28312558e-01 9.34142872e-08 3.65952797e-07 6.92681267e-07 3.26778858e-07 2.32350203e-05 3.15253702e-08 2.89287882e-08 2.85454712e-06 5.31395197e-07 6.77127872e-05 6.01677130e-06 1.46105858e-01 3.80809454e-07
gen1751perm125 0.2311397953352319 7.43344043e-02 1.18450849e-02 1.76198232e-03 8.34260355e-04 3.27533199e-01 7.78513974e+00 3.52725990e-03 1.09531250e-01 2.90111728e-03 1.54007744e-01 6.37048390e-02 2.84574121e-02 1.54052446e+00 3.87517121e-03 2.21852711e-02 1.04868319e-01 1.12947048e-01 1.20240161e+00 1.16182528e+01 1.74322789e-06 3.31037983e-06 1.96868318e-08 3.29777699e-05 5.28312558e-01 8.92712184e-08 3.96642080e-07 6.23982050e-07 3.12409319e-07 2.19776048e-05 2.18210176e-08 2.72475667e-08 2.59835352e-06 5.49267561e-07 6.77127872e-05 6.04598516e-06 1.49306021e-01 3.46205508e-07
gen1751perm101 0.2314371584772927 7.48109686e-02 1.25517245e-02 1.70734175e-03 7.35128228e-04 2.75828022e-01 7.99310859e+00 3.59399124e-03 1.09531250e-01 3.50265692e-03 1.52165979e-01 9.11532288e-02 2.71691829e-02 1.18572474e+00 2.94136801e-03 2.19879409e-02 1.06880984e-01 1.17010643e-01 1.16841389e+00 1.16182528e+01 1.53070671e-06 3.13960139e-06 1.88115466e-08 3.32860682e-05 5.61899172e-01 9.57394934e-08 3.27369300e-07 7.98961146e-07 3.07778266e-07 2.71216203e-05 2.68668114e-08 3.07912464e-08 2.59403163e-06 5.22674200e-07 6.60251229e-05 6.11637923e-06 1.46105858e-01 3.93840144e-07
gen1751perm91 0.2317515322788125 7.48109686e-02 1.23234769e-02 1.70734175e-03 8.34260355e-04 2.80807849e-01 7.78513974e+00 3.59399124e-03 1.12657884e-01 3.49932641e-03 1.56604275e-01 9.11532288e-02 2.94500896e-02 1.40826963e+00 2.94136801e-03 2.37756566e-02 1.03755551e-01 1.12406075e-01 1.17098089e+00 1.11996227e+01 1.72132008e-06 3.31037983e-06 1.98950995e-08 3.25325132e-05 5.28312558e-01 9.57394934e-08 3.65952797e-07 7.17406807e-07 3.22356912e-07 2.00999982e-05 3.22720377e-08 2.71851346e-08 2.69879259e-06 5.31395197e-07 6.96035301e-05 6.01677130e-06 1.46105858e-01 3.93840144e-07
gen1751perm35 0.2318961702775516 7.47206749e-02 1.25897785e-02 1.66027395e-03 8.17606501e-04 2.89409982e-01 8.03268934e+00 3.57516803e-03 1.03950169e-01 3.31508713e-03 1.42422113e-01 7.30395765e-02 2.54108961e-02 1.40826963e+00 3.33328663e-03 2.21852711e-02 1.03755551e-01 1.12947048e-01 1.17098089e+00 1.27707823e+01 1.81955758e-06 3.31037983e-06 1.96520832e-08 3.26533649e-05 5.34858147e-01 9.73789718e-08 3.65952797e-07 7.87636614e-07 3.11862845e-07 2.01194349e-05 2.87411280e-08 2.39790060e-08 2.83653956e-06 5.31395197e-07 6.43135145e-05 6.01677130e-06 1.46105858e-01 3.88064095e-07
gen1751perm76 0.2326258470702142 7.54224238e-02 1.23234769e-02 2.12270173e-03 7.35128228e-04 2.93600716e-01 8.06200982e+00 3.95096706e-03 1.05930040e-01 3.49932641e-03 1.56604275e-01 8.01403881e-02 2.75262986e-02 1.40826963e+00 2.94136801e-03 2.14321357e-02 1.04868319e-01 1.12077080e-01 1.17098089e+00 1.16182528e+01 1.74565810e-06 3.34406097e-06 1.93959941e-08 3.25325132e-05 5.28312558e-01 9.20369779e-08 3.23448054e-07 6.89120229e-07 2.88629367e-07 2.07985557e-05 3.32964151e-08 2.73508493e-08 2.65547335e-06 5.43862726e-07 6.77127872e-05 6.01677130e-06 1.46105858e-01 3.73717765e-07
gen1751perm140 0.2326825159308250 7.54224238e-02 1.14526366e-02 2.12270173e-03 7.35128228e-04 2.93600716e-01 8.06200982e+00 3.59399124e-03 1.09131502e-01 3.49932641e-03 1.52165979e-01 7.40901783e-02 2.94500896e-02 1.39209272e+00 3.41063245e-03 2.27040959e-02 1.04607070e-01 1.12406075e-01 1.17098089e+00 1.22060012e+01 1.77804978e-06 3.35508268e-06 1.96520832e-08 3.52929412e-05 5.28312558e-01 9.20369779e-08 3.50811616e-07 7.30576916e-07 3.11862845e-07 2.07985557e-05 3.07489160e-08 2.73508493e-08 2.65547335e-06 5.49267561e-07 6.64027842e-05 6.58385476e-06 1.46105858e-01 4.05016414e-07
gen1751perm135 0.2329598623421171 7.47206749e-02 1.23234769e-02 1.70734175e-03 8.69078316e-04 2.93600716e-01 7.03685080e+00 3.59399124e-03 1.10931273e-01 3.49932641e-03 1.56604275e-01 7.70871512e-02 2.75262986e-02 1.40826963e+00 3.20000572e-03 2.21852711e-02 1.09425591e-01 1.04377124e-01 1.17098089e+00 1.27487889e+01 1.68009516e-06 3.31037983e-06 1.98950995e-08 3.32706741e-05 5.28312558e-01 1.05153956e-07 3.65952797e-07 7.40532291e-07 2.96937080e-07 2.00999982e-05 2.85168465e-08 2.71851346e-08 2.59403163e-06 4.90842819e-07 6.77127872e-05 6.01677130e-06 1.40689214e-01 3.93840144e-07
gen1751perm56 0.2333628197842869 7.41190313e-02 1.25510028e-02 2.12270173e-03 8.11875278e-04 2.93600716e-01 7.78513974e+00 3.59399124e-03 1.21848607e-01 5.11303188e-03 1.43530608e-01 7.40901783e-02 2.84574121e-02 1.37528135e+00 3.41063245e-03 2.27040959e-02 1.03344994e-01 1.12406075e-01 1.17714176e+00 1.17945802e+01 1.81129758e-06 3.31037983e-06 2.02815142e-08 2.94499027e-05 5.22803057e-01 9.89375299e-08 3.90144734e-07 7.87636614e-07 3.11361870e-07 2.31045252e-05 2.15917055e-08 2.71851346e-08 2.39188120e-06 5.31395197e-07 6.64027842e-05 6.01677130e-06 1.46105858e-01 3.52980800e-07
gen1751perm141 0.2354844449494559 7.47206749e-02 1.12567069e-02 1.55896591e-03 8.34260355e-04 2.93600716e-01 7.84699558e+00 3.59399124e-03 1.10931273e-01 5.11303188e-03 1.54001390e-01 7.76102156e-02 2.84574121e-02 1.40826963e+00 3.23089062e-03 2.18336780e-02 9.65994300e-02 1.12406075e-01 1.16841389e+00 1.17448970e+01 1.72132008e-06 3.41583743e-06 1.95796763e-08 3.29777699e-05 5.28312558e-01 9.89375299e-08 3.72509069e-07 7.40532291e-07 3.19291918e-07 2.19776048e-05 3.15253702e-08 2.89287882e-08 2.53564954e-06 5.31395197e-07 6.15417456e-05 6.01677130e-06 1.46105858e-01 3.93840144e-07
gen1751perm144 0.2356546629753101 7.54224238e-02 1.29956986e-02 1.69515748e-03 8.34260355e-04 3.12121542e-01 7.84699558e+00 3.59399124e-03 1.09597128e-01 4.17698711e-03 1.71308219e-01 7.50617661e-02 2.94500896e-02 1.12359361e+00 3.55136620e-03 2.18336780e-02 1.03755551e-01 1.03928875e-01 1.17098089e+00 1.29757847e+01 1.65857869e-06 3.59417145e-06 2.13708964e-08 3.25325132e-05 5.28312558e-01 1.06195995e-07 3.98970921e-07 7.40532291e-07 3.00435142e-07 2.19776048e-05 2.72280110e-08 2.29375806e-08 2.61682402e-06 5.31395197e-07 6.57866781e-05 6.01677130e-06 1.46105858e-01 4.19438362e-07
gen1751perm80 0.2358024389497236 7.56186922e-02 1.25897785e-02 1.66027395e-03 7.35128228e-04 2.71451962e-01 7.78513974e+00 3.57516803e-03 1.12657884e-01 3.87190438e-03 1.71434072e-01 7.36306620e-02 2.67573407e-02 1.37528135e+00 3.41063245e-03 2.26390265e-02 1.03755551e-01 1.12406075e-01 1.17098089e+00 1.14470723e+01 1.68459098e-06 3.31037983e-06 2.02815142e-08 3.25325132e-05 5.28312558e-01 1.01366488e-07 3.90144734e-07 7.30576916e-07 2.85375878e-07 2.33996188e-05 2.87411280e-08 2.71851346e-08 2.92159420e-06 5.31395197e-07 6.85330536e-05 6.01677130e-06 1.46105858e-01 3.88064095e-07
gen1751perm10 0.2367640889783533 7.33948855e-02 1.26018027e-02 1.64519611e-03 8.76689134e-04 3.00207708e-01 7.78513974e+00 3.52725990e-03 1.06069005e-01 3.11769451e-03 1.51986249e-01 7.40387184e-02 2.63440545e-02 1.18459264e+00 3.58287025e-03 2.31723641e-02 1.08127275e-01 1.12947048e-01 1.17098089e+00 1.07835448e+01 1.81129758e-06 3.35508268e-06 1.80528301e-08 3.32049806e-05 5.28312558e-01 9.36476490e-08 3.55761833e-07 6.89120229e-07 3.05345099e-07 2.34660720e-05 2.24424088e-08 2.73508493e-08 2.90121805e-06 5.49267561e-07 6.64027842e-05 5.95958166e-06 1.42391383e-01 4.20049022e-07
gen1751perm78 0.2389622716946196 7.54224238e-02 1.23234769e-02 1.56741527e-03 7.86906653e-04 2.83789265e-01 8.06200982e+00 3.59399124e-03 1.05930040e-01 2.90111728e-03 1.50426031e-01 7.15229834e-02 3.13810711e-02 1.30327179e+00 3.58287025e-03 2.26390265e-02 1.08127275e-01 1.12947048e-01 1.17098089e+00 1.07835448e+01 1.58629074e-06 3.34406097e-06 1.94654028e-08 3.25325132e-05 5.28312558e-01 9.66063472e-08 3.63595351e-07 6.92681267e-07 3.12409319e-07 2.43103913e-05 3.46475205e-08 2.90604662e-08 2.78066785e-06 5.38212162e-07 6.06770119e-05 6.01677130e-06 1.46105858e-01 3.57188963e-07
gen1751perm6 0.2395829147552157 7.54224238e-02 1.17078538e-02 1.70734175e-03 8.60854679e-04 2.82949194e-01 7.88355267e+00 3.59399124e-03 1.16291472e-01 3.49932641e-03 1.56604275e-01 8.77499144e-02 2.75262986e-02 1.36354053e+00 3.84849998e-03 2.26390265e-02 1.02580734e-01 1.07472399e-01 1.17098089e+00 1.16182528e+01 1.46625761e-06 3.35508268e-06 2.21903988e-08 3.32860682e-05 5.28312558e-01 1.01366488e-07 3.65952797e-07 7.40532291e-07 3.44066363e-07 2.01194349e-05 2.69789014e-08 2.30604738e-08 2.52039592e-06 5.31395197e-07 6.77127872e-05 6.01677130e-06 1.40537047e-01 3.90445238e-07
gen1751perm17 0.2402337616875884 7.48109686e-02 1.16273833e-02 1.97978200e-03 7.35128228e-04 2.93600716e-01 7.78513974e+00 3.63263464e-03 1.06069005e-01 3.17216647e-03 1.52814854e-01 7.49997451e-02 2.71691829e-02 1.40826963e+00 3.25485551e-03 2.31723641e-02 1.06880984e-01 1.17010643e-01 1.17098089e+00 1.14470723e+01 1.46625761e-06 3.47045280e-06 1.80528301e-08 3.33533701e-05 5.28312558e-01 1.11733838e-07 3.51916657e-07 6.82109042e-07 2.68434754e-07 2.71216203e-05 2.63124295e-08 3.10494579e-08 2.59403163e-06 5.09591527e-07 6.77127872e-05 6.01677130e-06 1.46105858e-01 3.93840144e-07
gen1751perm115 0.2404013125347198 7.17787163e-02 1.23234769e-02 2.26788567e-03 8.11875278e-04 2.80807849e-01 7.84699558e+00 3.37674533e-03 1.07261037e-01 3.49932641e-03 1.55125358e-01 7.36306620e-02 2.90511913e-02 1.40826963e+00 3.41063245e-03 2.17259079e-02 1.03755551e-01 1.12406075e-01 1.17098089e+00 1.08230993e+01 1.72132008e-06 3.31037983e-06 2.06972282e-08 3.27197230e-05 5.28312558e-01 1.01366488e-07 3.65952797e-07 7.87636614e-07 3.11361870e-07 2.19776048e-05 2.21845002e-08 2.51339257e-08 2.92159420e-06 5.31395197e-07 6.77127872e-05 6.01677130e-06 1.46105858e-01 4.05562916e-07
gen1751perm70 0.2432830784777771 7.92705242e-02 1.17018419e-02 1.95946681e-03 7.38176267e-04 2.89409982e-01 7.84699558e+00 3.59399124e-03 1.09531250e-01 5.06447526e-03 1.52165979e-01 7.15229834e-02 2.28769961e-02 1.52115971e+00 3.23089062e-03 2.21852711e-02 1.00157172e-01 1.12406075e-01 1.17098089e+00 1.23116572e+01 1.68459098e-06 3.67292129e-06 1.84571117e-08 3.43560419e-05 5.28312558e-01 9.52230373e-08 3.65952797e-07 6.72702459e-07 2.96937080e-07 2.01194349e-05 2.92252816e-08 2.65523050e-08 2.64235561e-06 5.31395197e-07 6.77127872e-05 6.11637923e-06 1.46105858e-01 3.93840144e-07
gen1751perm111 0.2434764606892564 7.54224238e-02 1.23234769e-02 1.56741527e-03 8.34260355e-04 3.40846479e-01 7.78513974e+00 3.59399124e-03 1.09531250e-01 3.22020954e-03 1.54432845e-01 7.40901783e-02 2.68540808e-02 1.59513430e+00 2.79138069e-03 2.26390265e-02 1.03187069e-01 1.12406075e-01 1.17098089e+00 1.30219551e+01 1.62404340e-06 3.17332120e-06 1.90483561e-08 3.29777699e-05 5.28312558e-01 1.00479772e-07 4.41958342e-07 7.30576916e-07 3.22356912e-07 2.10119223e-05 2.46179500e-08 2.65523050e-08 2.39188120e-06 5.46259883e-07 6.13532177e-05 6.01677130e-06 1.46105858e-01 3.80954883e-07
gen1751perm81 0.2437860760936310 7.54224238e-02 1.25897785e-02 1.63551650e-03 7.78343577e-04 2.80807849e-01 8.07340771e+00 3.52725990e-03 1.08348615e-01 5.31810942e-03 1.50426031e-01 7.72820559e-02 2.96704148e-02 1.40826963e+00 3.23089062e-03 2.25213109e-02 9.99523086e-02 1.01643146e-01 1.22514596e+00 1.16182528e+01 1.88160971e-06 3.35508268e-06 1.96868318e-08 3.25325132e-05 5.28312558e-01 9.69384236e-08 3.74404566e-07 6.92681267e-07 3.05718964e-07 2.52817812e-05 2.87411280e-08 2.89287882e-08 2.69875776e-06 5.31395197e-07 6.77127872e-05 6.01677130e-06 1.46105858e-01 3.83563078e-07
gen1751perm33 0.2441354992887531 7.54224238e-02 1.41282481e-02 2.07981664e-03 8.34260355e-04 2.74991588e-01 7.81188789e+00 3.59399124e-03 1.07190991e-01 4.51270101e-03 1.52814854e-01 7.49997451e-02 2.48353911e-02 1.18459264e+00 3.15239283e-03 2.43625848e-02 1.06880984e-01 1.12406075e-01 1.16841389e+00 1.30513642e+01 1.58590762e-06 3.35508268e-06 1.85039105e-08 3.37725125e-05 5.28312558e-01 1.11196351e-07 3.73036354e-07 6.82109042e-07 3.05924236e-07 2.29862802e-05 2.24424088e-08 2.29375806e-08 2.53564954e-06 5.49267561e-07 6.65355434e-05 5.66639545e-06 1.52424193e-01 3.93840144e-07
gen1751perm97 0.2443056310126726 7.54224238e-02 1.30122027e-02 1.47875994e-03 8.06822781e-04 2.80807849e-01 7.84699558e+00 3.59399124e-03 1.06415234e-01 3.94313696e-03 1.52165979e-01 8.77499144e-02 3.10218942e-02 1.40022177e+00 3.23089062e-03 2.19340951e-02 1.03755551e-01 1.12406075e-01 1.17098089e+00 1.16182528e+01 1.72132008e-06 3.31037983e-06 1.92448038e-08 3.26533649e-05 5.28312558e-01 1.01366488e-07 3.65952797e-07 7.01800676e-07 3.22356912e-07 2.01194349e-05 2.86139369e-08 2.29375806e-08 2.48237466e-06 5.52210603e-07 6.77127872e-05 6.01677130e-06 1.46105858e-01 3.93840144e-07
gen1751perm58 0.2468878596142588 7.54224238e-02 1.25517245e-02 2.12270173e-03 8.39182399e-04 2.93600716e-01 7.78513974e+00 3.59399124e-03 1.05930040e-01 4.53609867e-03 1.50426031e-01 7.72820559e-02 3.06559053e-02 1.40826963e+00 2.87386618e-03 2.25629743e-02 1.03344994e-01 1.12406075e-01 1.16841389e+00 1.27246405e+01 1.68459098e-06 3.34406097e-06 1.96868318e-08 3.43560419e-05 5.28312558e-01 9.76756664e-08 3.42714229e-07 6.59741113e-07 3.10072617e-07 2.64924940e-05 2.87411280e-08 2.73508493e-08 2.81402437e-06 4.84172435e-07 6.86845249e-05 6.01677130e-06 1.46105858e-01 3.64002802e-07
gen1751perm37 0.2479415838590664 7.53424033e-02 1.16530683e-02 1.63529832e-03 6.17635022e-04 2.93600716e-01 8.06200982e+00 3.59399124e-03 1.05930040e-01 3.49932641e-03 1.56604275e-01 7.49587839e-02 2.94500896e-02 1.40826963e+00 3.41063245e-03 2.31015738e-02 1.07534072e-01 1.12077080e-01 1.17098089e+00 1.33679207e+01 1.58629074e-06 3.34406097e-06 2.13708964e-08 3.25325132e-05 5.58210498e-01 1.00479772e-07 3.65840770e-07 7.30576916e-07 2.90621409e-07 2.32527920e-05 3.28180125e-08 2.90604662e-08 2.67222925e-06 5.49267561e-07 6.57866781e-05 6.01677130e-06 1.42050055e-01 3.92641921e-07
gen1751perm7 0.2480847868126574 7.54224238e-02 1.23234769e-02 2.31675716e-03 7.77390190e-04 2.67615476e-01 7.78513974e+00 3.57516803e-03 9.66253614e-02 5.11303188e-03 1.50426031e-01 7.40901783e-02 2.84574121e-02 1.37528135e+00 3.41063245e-03 2.21852711e-02 1.03755551e-01 1.11356679e-01 1.17098089e+00 1.15594538e+01 1.81129758e-06 3.61420254e-06 2.09372761e-08 3.27197230e-05 5.28312558e-01 1.06721692e-07 3.90144734e-07 7.63656681e-07 2.85375878e-07 2.05816401e-05 2.03163418e-08 2.73241367e-08 2.92159420e-06 5.50695754e-07 6.77127872e-05 6.01677130e-06 1.46105858e-01 4.05562916e-07
gen1751perm109 0.2490504069306224 7.54224238e-02 1.26136084e-02 2.12270173e-03 7.78343577e-04 2.93600716e-01 8.07340771e+00 3.59399124e-03 1.05930040e-01 5.53714187e-03 1.52165979e-01 7.15229834e-02 2.61317903e-02 1.37528135e+00 3.41063245e-03 2.10960337e-02 1.08020972e-01 1.09195178e-01 1.16841389e+00 1.17945802e+01 1.72132008e-06 3.35508268e-06 1.96277497e-08 3.43560419e-05 5.28312558e-01 1.07472850e-07 3.72509069e-07 7.87636614e-07 2.73375842e-07 2.39805533e-05 2.84444573e-08 2.51339257e-08 2.53564954e-06 5.54110437e-07 6.77127872e-05 6.01677130e-06 1.46105858e-01 4.40835891e-07
gen1751perm51 0.2496774427119918 7.24364956e-02 1.26494351e-02 2.12270173e-03 7.35128228e-04 2.93600716e-01 8.06200982e+00 3.59399124e-03 1.12657884e-01 3.51398884e-03 1.64387389e-01 7.15229834e-02 2.62763455e-02 1.35921813e+00 3.41063245e-03 2.26684285e-02 1.03755551e-01 1.12406075e-01 1.17098089e+00 1.18552451e+01 1.68459098e-06 3.38318828e-06 1.96277497e-08 3.25325132e-05 4.88551212e-01 9.20369779e-08 3.42714229e-07 6.89120229e-07 2.76123957e-07 2.24077120e-05 3.32964151e-08 2.65461196e-08 2.70095394e-06 5.31395197e-07 6.77127872e-05 6.01677130e-06 1.46105858e-01 4.40632151e-07
gen1751perm124 0.2513004655449380 7.17987637e-02 1.23234769e-02 1.70734175e-03 8.39182399e-04 2.93600716e-01 8.12947151e+00 3.59399124e-03 1.05930040e-01 3.49932641e-03 1.50426031e-01 7.00650457e-02 3.13810711e-02 1.40826963e+00 2.94136801e-03 2.20485767e-02 1.03755551e-01 1.12406075e-01 1.17098089e+00 1.16182528e+01 1.78005923e-06 3.34406097e-06 1.88115466e-08 3.25325132e-05 5.29318094e-01 9.20369779e-08 3.42714229e-07 6.89120229e-07 2.90018593e-07 2.31045252e-05 3.36371471e-08 2.58739286e-08 2.46325073e-06 5.31395197e-07 6.77127872e-05 6.01677130e-06 1.46105858e-01 3.69658275e-07
gen1751perm43 0.2516547239404635 7.47206749e-02 1.18474032e-02 1.81701464e-03 8.76689134e-04 2.93600716e-01 7.75185754e+00 3.52725990e-03 1.11062754e-01 3.22020954e-03 1.52165979e-01 7.15229834e-02 3.19380585e-02 1.42045607e+00 3.44893595e-03 2.12649917e-02 1.07793012e-01 1.12406075e-01 1.12232922e+00 1.24237020e+01 1.81129758e-06 3.30965310e-06 1.96868318e-08 3.25325132e-05 5.29318094e-01 1.00479772e-07 3.65952797e-07 7.40532291e-07 3.22356912e-07 2.08507573e-05 2.92252816e-08 2.89287882e-08 2.64235561e-06 5.49267561e-07 6.77127872e-05 6.01677130e-06 1.46105858e-01 4.40835891e-07
gen1751perm104 0.2525742764199763 7.47206749e-02 1.18474032e-02 2.31293688e-03 9.06625487e-04 2.93600716e-01 7.81918634e+00 3.52725990e-03 1.03950169e-01 5.35185136e-03 1.50426031e-01 7.40901783e-02 2.95700104e-02 1.30081458e+00 3.41063245e-03 2.21852711e-02 1.03755551e-01 1.17855479e-01 1.17098089e+00 1.33145657e+01 1.42536795e-06 3.25398597e-06 1.96868318e-08 3.43560419e-05 5.29318094e-01 1.07817826e-07 3.65952797e-07 7.08293937e-07 2.89824000e-07 2.05816401e-05 2.54347646e-08 2.73241367e-08 2.48081173e-06 5.46259883e-07 7.16428442e-05 5.94521824e-06 1.46105858e-01 3.59772404e-07
gen1751perm44 0.2534044257241676 7.54224238e-02 1.15709771e-02 1.56741527e-03 6.80819134e-04 2.89409982e-01 7.78513974e+00 3.59399124e-03 1.09531250e-01 5.21038309e-03 1.56575777e-01 7.15229834e-02 2.62839410e-02 1.52115971e+00 3.41063245e-03 2.30850033e-02 9.63975300e-02 1.12406075e-01 1.17098089e+00 1.23116572e+01 1.68459098e-06 3.35785248e-06 2.33525793e-08 3.37964811e-05 5.28312558e-01 1.07472850e-07 4.41958342e-07 6.92681267e-07 2.94352679e-07 3.18577666e-05 2.54347646e-08 2.65523050e-08 2.86042408e-06 5.31395197e-07 6.73582974e-05 6.01677130e-06 1.46105858e-01 3.80954883e-07
gen1751perm85 0.2590499315337832 7.54224238e-02 1.35354985e-02 1.54169981e-03 6.68435202e-04 2.82949194e-01 7.92892981e+00 3.59399124e-03 1.03950169e-01 4.17056364e-03 1.50426031e-01 8.23640325e-02 2.94500896e-02 1.36488209e+00 3.84849998e-03 2.16580039e-02 9.80044059e-02 1.12406075e-01 1.17098089e+00 1.07246349e+01 1.70740900e-06 3.10006987e-06 2.13708964e-08 3.25325132e-05 4.76886106e-01 1.00479772e-07 3.65952797e-07 7.43782389e-07 2.89824000e-07 2.32527920e-05 2.24424088e-08 2.73241367e-08 2.72286647e-06 5.31395197e-07 6.57866781e-05 6.36654012e-06 1.46105858e-01 3.80954883e-07
gen1751perm32 0.2596886471942388 8.25162890e-02 1.25897785e-02 1.56741527e-03 7.77390190e-04 2.82202012e-01 7.78513974e+00 3.59399124e-03 1.12054532e-01 4.30071959e-03 1.54732794e-01 8.21300656e-02 2.84574121e-02 1.37528135e+00 3.43121840e-03 2.42455824e-02 1.06880984e-01 1.12406075e-01 1.13629405e+00 1.38567867e+01 1.72132008e-06 3.31037983e-06 1.96520832e-08 3.36837167e-05 5.28312558e-01 1.04226597e-07 3.90144734e-07 6.59521587e-07 3.44225245e-07 2.33996188e-05 2.52561737e-08 2.46139380e-08 2.86042408e-06 5.08668061e-07 6.77127872e-05 6.01677130e-06 1.46105858e-01 3.77356953e-07
gen1751perm72 0.2605922531354224 7.46656327e-02 1.29956986e-02 1.69515748e-03 8.34260355e-04 2.80807849e-01 7.62282449e+00 3.59399124e-03 1.09597128e-01 3.87190438e-03 1.56604275e-01 7.50617661e-02 2.94500896e-02 1.31730844e+00 3.55136620e-03 2.31723641e-02 1.03755551e-01 1.12406075e-01 1.17098089e+00 1.16182528e+01 1.72132008e-06 2.99029126e-06 2.13708964e-08 3.25325132e-05 5.28312558e-01 1.09521472e-07 3.98970921e-07 7.40532291e-07 2.74483521e-07 2.24748505e-05 2.68893371e-08 2.25778938e-08 2.53564954e-06 5.46191713e-07 6.57866781e-05 6.01677130e-06 1.46105858e-01 3.95955286e-07
gen1751perm95 0.2610140439005215 7.87434251e-02 1.12133634e-02 1.59190855e-03 8.76689134e-04 2.57722740e-01 8.28704240e+00 3.59399124e-03 1.10931273e-01 3.49932641e-03 1.56604275e-01 7.40901783e-02 2.83942288e-02 1.42045607e+00 2.94136801e-03 2.27040959e-02 1.03755551e-01 1.12406075e-01 1.12952627e+00 1.17086768e+01 1.81129758e-06 3.31037983e-06 2.13708964e-08 3.18748648e-05 4.89673079e-01 9.57394934e-08 3.56263452e-07 7.30576916e-07 2.88629367e-07 2.00999982e-05 2.79097931e-08 2.71851346e-08 2.39188120e-06 5.49267561e-07 6.64027842e-05 5.99769208e-06 1.46105858e-01 3.80954883e-07
gen1751perm77 0.2617356854047683 7.53424033e-02 1.26494351e-02 2.12270173e-03 8.76689134e-04 2.93600716e-01 7.78513974e+00 3.63754374e-03 1.17343571e-01 4.53609867e-03 1.47979664e-01 7.00650457e-02 2.45840132e-02 1.42045607e+00 3.41063245e-03 2.26390265e-02 1.07534072e-01 1.12077080e-01 1.17098089e+00 1.22397805e+01 1.81129758e-06 3.11638517e-06 1.88861392e-08 3.25325132e-05 5.42232553e-01 9.80994909e-08 3.55761833e-07 7.53189332e-07 2.90621409e-07 2.31045252e-05 2.10645448e-08 3.00803336e-08 2.90121805e-06 5.50961782e-07 6.86845249e-05 6.10133323e-06 1.46105858e-01 4.10523810e-07
gen1751perm49 0.2636944388306163 7.54224238e-02 1.29956986e-02 2.12270173e-03 8.38271926e-04 2.75297944e-01 8.03268934e+00 3.61724451e-03 1.03950169e-01 3.87190438e-03 1.52639757e-01 7.15229834e-02 2.60556779e-02 1.27391684e+00 3.52793687e-03 2.38659364e-02 1.02341071e-01 1.12947048e-01 1.17098089e+00 1.16182528e+01 1.49667912e-06 3.31037983e-06 2.08292969e-08 3.29777699e-05 4.79015816e-01 1.01366488e-07 3.65952797e-07 6.91915291e-07 3.05924236e-07 2.01194349e-05 3.15253702e-08 2.27742287e-08 2.83653956e-06 5.31395197e-07 6.62454611e-05 6.01677130e-06 1.46105858e-01 3.93840144e-07
gen1751perm30 0.2654241411705747 7.54224238e-02 1.23234769e-02 1.70734175e-03 8.34260355e-04 2.80807849e-01 7.84699558e+00 3.60084691e-03 1.12657884e-01 3.49932641e-03 1.56604275e-01 8.18159276e-02 2.91169439e-02 1.13391586e+00 3.23089062e-03 2.26684285e-02 1.03755551e-01 1.12406075e-01 1.12794028e+00 1.16182528e+01 1.67744936e-06 3.34406097e-06 1.96277497e-08 3.32860682e-05 5.09949353e-01 9.57394934e-08 3.24995643e-07 7.80338906e-07 2.88629367e-07 2.41958410e-05 3.25448958e-08 2.58275849e-08 2.63240842e-06 5.31395197e-07 6.77127872e-05 6.01677130e-06 1.46105858e-01 3.90445238e-07
gen1751perm113 0.2658972186438712 7.54224238e-02 1.26494351e-02 2.12270173e-03 8.34260355e-04 2.93600716e-01 8.06200982e+00 3.59399124e-03 1.10931273e-01 4.53609867e-03 1.50426031e-01 7.76102156e-02 2.84574121e-02 1.54636152e+00 3.41063245e-03 2.25213109e-02 1.03344994e-01 1.12077080e-01 1.17098089e+00 1.17945802e+01 1.68459098e-06 3.40774341e-06 2.02815142e-08 3.29777699e-05 5.28312558e-01 9.89375299e-08 3.31537060e-07 6.89120229e-07 2.90621409e-07 2.31045252e-05 2.84444573e-08 2.70357483e-08 2.65547335e-06 5.24253277e-07 6.77127872e-05 6.01677130e-06 1.39217971e-01 3.51309315e-07
gen1751perm34 0.2669302591453879 7.54224238e-02 1.27376320e-02 1.70734175e-03 6.38177294e-04 2.62089753e-01 7.78513974e+00 3.59399124e-03 1.09131502e-01 4.05557180e-03 1.56303427e-01 7.97499532e-02 2.75224482e-02 1.42045607e+00 2.98017600e-03 2.31723641e-02 1.04208911e-01 1.12406075e-01 1.17098089e+00 1.18823905e+01 1.54486761e-06 3.31037983e-06 1.98259593e-08 3.33533701e-05 5.29318094e-01 1.11196351e-07 3.82940106e-07 6.77085613e-07 3.16106333e-07 1.93059506e-05 3.15253702e-08 2.82201921e-08 2.81402437e-06 5.31395197e-07 6.77127872e-05 5.54725717e-06 1.41647183e-01 3.51314355e-07
gen1751perm57 0.2676127022650705 7.48109686e-02 1.26494351e-02 2.12270173e-03 8.30114842e-04 2.93600716e-01 8.06200982e+00 3.59399124e-03 1.05930040e-01 5.49874801e-03 1.50426031e-01 7.00650457e-02 2.86275488e-02 1.37528135e+00 3.41063245e-03 2.26390265e-02 1.04868319e-01 1.12406075e-01 1.17098089e+00 1.22397805e+01 1.49667912e-06 3.34406097e-06 1.88861392e-08 3.25325132e-05 5.76714153e-01 1.07817826e-07 3.23448054e-07 6.89120229e-07 3.22356912e-07 2.31045252e-05 3.68390667e-08 2.72475667e-08 2.65547335e-06 5.49880171e-07 6.77127872e-05 6.18887130e-06 1.52093165e-01 3.96668216e-07
gen1751perm112 0.2695629764751727 7.47206749e-02 1.25897785e-02 1.54801626e-03 8.60485834e-04 2.79777691e-01 7.78513974e+00 3.52725990e-03 1.10931273e-01 3.31508713e-03 1.55771099e-01 7.40901783e-02 2.95700104e-02 1.26502048e+00 3.65841987e-03 2.26390265e-02 1.09445739e-01 1.13410895e-01 1.22839059e+00 1.09750050e+01 1.81129758e-06 3.35508268e-06 2.13708964e-08 3.40296399e-05 5.28312558e-01 9.73789718e-08 4.30239743e-07 7.58758848e-07 3.12409319e-07 2.39005163e-05 3.11123803e-08 2.71851346e-08 2.53564954e-06 5.46259883e-07 6.73582974e-05 6.01677130e-06 1.46105858e-01 3.45934036e-07
gen1751perm45 0.2705300070844283 7.00805018e-02 1.23234769e-02 1.70734175e-03 8.34260355e-04 2.93600716e-01 7.84699558e+00 3.59399124e-03 1.12657884e-01 3.49932641e-03 1.51986249e-01 7.40387184e-02 2.51316197e-02 1.57987193e+00 2.94136801e-03 2.25330899e-02 1.03755551e-01 1.12406075e-01 1.17098089e+00 1.14470723e+01 1.68009516e-06 3.31037983e-06 1.96277497e-08 3.32049806e-05 5.28312558e-01 9.20612964e-08 3.65952797e-07 7.93528607e-07 3.11862845e-07 2.01194349e-05 3.46611665e-08 2.73508493e-08 2.65547335e-06 5.51151136e-07 6.77127872e-05 6.01677130e-06 1.46105858e-01 3.68099568e-07
gen1751perm27 0.2772598560369867 7.24249236e-02 1.29956986e-02 1.58083583e-03 7.77390190e-04 3.01833669e-01 8.03643453e+00 3.52725990e-03 1.12657884e-01 4.18181571e-03 1.50426031e-01 7.40901783e-02 2.84574121e-02 1.37102924e+00 3.54735692e-03 2.01030903e-02 1.03755551e-01 1.12406075e-01 1.21195556e+00 1.32282979e+01 1.81129758e-06 3.27728433e-06 2.13708964e-08 3.29777699e-05 5.28312558e-01 1.07473377e-07 4.41958342e-07 6.92681267e-07 2.84725280e-07 2.01194349e-05 2.24424088e-08 2.61863173e-08 2.72286647e-06 5.58998144e-07 6.87744296e-05 6.01677130e-06 1.46105858e-01 3.80809454e-07
gen1751perm24 0.2791325116329477 7.86231930e-02 1.23234769e-02 2.12270173e-03 8.39182399e-04 2.82202012e-01 7.81918634e+00 3.59399124e-03 1.10931273e-01 4.17056364e-03 1.50426031e-01 8.01403881e-02 2.84574121e-02 1.40826963e+00 3.41063245e-03 2.19319677e-02 1.03755551e-01 1.12406075e-01 1.17098089e+00 1.29107258e+01 1.67744936e-06 3.34406097e-06 1.88115466e-08 3.32049806e-05 5.28312558e-01 1.04871045e-07 3.65952797e-07 6.91915291e-07 2.75098840e-07 2.52817812e-05 3.25448958e-08 2.73508493e-08 2.81402437e-06 5.31395197e-07 6.77127872e-05 5.56262627e-06 1.49808298e-01 3.57188963e-07
gen1751perm23 0.2828590479592935 7.48109686e-02 1.23234769e-02 1.86045128e-03 8.34260355e-04 2.76173196e-01 7.78513974e+00 3.59399124e-03 1.03950169e-01 3.49932641e-03 1.56422321e-01 7.40901783e-02 2.51316197e-02 1.18572474e+00 2.94136801e-03 2.16580039e-02 1.06880984e-01 1.12406075e-01 1.17098089e+00 1.05836314e+01 1.70740900e-06 3.65844248e-06 2.08292969e-08 3.32860682e-05 5.28312558e-01 1.01366488e-07 3.24995643e-07 7.43782389e-07 2.89824000e-07 2.05816401e-05 3.08625866e-08 2.73241367e-08 2.72286647e-06 5.31395197e-07 6.93172581e-05 6.01677130e-06 1.46105858e-01 3.90445238e-07
gen1751perm114 0.2845817989390560 7.98408855e-02 1.30807130e-02 2.22418629e-03 7.94774617e-04 2.98345858e-01 8.07340771e+00 3.31759877e-03 1.05930040e-01 5.11303188e-03 1.52165979e-01 7.00650457e-02 3.13810711e-02 1.36354053e+00 3.21477494e-03 2.26390265e-02 1.03344994e-01 1.12406075e-01 1.12712893e+00 1.02899776e+01 1.79734211e-06 3.31037983e-06 1.88861392e-08 3.44619914e-05 5.26671453e-01 8.68176186e-08 3.55333293e-07 7.87636614e-07 3.14761109e-07 2.31045252e-05 3.08625866e-08 2.89287882e-08 2.53564954e-06 5.46259883e-07 6.77127872e-05 6.01677130e-06 1.46105858e-01 3.57188963e-07
gen1751perm128 0.2860596086801435 8.04601817e-02 1.25869168e-02 1.65545804e-03 6.36721306e-04 2.93600716e-01 7.14407256e+00 3.59399124e-03 1.06069005e-01 3.11769451e-03 1.52623766e-01 7.40387184e-02 2.75262986e-02 1.18459264e+00 3.17175652e-03 2.18762057e-02 1.03755551e-01 1.12406075e-01 1.17098089e+00 1.39320040e+01 1.57052074e-06 3.35508268e-06 2.15000261e-08 3.25325132e-05 5.28312558e-01 9.20612964e-08 3.51916657e-07 7.40532291e-07 3.11862845e-07 2.25049981e-05 2.88029074e-08 2.49986865e-08 2.65547335e-06 5.31395197e-07 6.77127872e-05 6.01677130e-06 1.46105858e-01 3.74874775e-07
gen1751perm1 0.2912715921400369 7.94432074e-02 1.25517245e-02 2.12270173e-03 7.77390190e-04 2.80807849e-01 8.03643453e+00 3.57516803e-03 1.12657884e-01 5.16300073e-03 1.52254266e-01 7.40901783e-02 3.12724186e-02 1.40826963e+00 3.08737636e-03 2.16580039e-02 1.03755551e-01 1.03441986e-01 1.17098089e+00 1.17945802e+01 1.72132008e-06 3.31037983e-06 1.99219163e-08 3.29777699e-05 5.28312558e-01 9.08996970e-08 3.90144734e-07 7.87636614e-07 3.05843505e-07 2.01194349e-05 2.79097931e-08 2.29007479e-08 2.49706030e-06 5.24467888e-07 6.77127872e-05 6.01677130e-06 1.46105858e-01 3.93840144e-07
gen1751perm142 0.2920268190811050 7.97468287e-02 1.21848332e-02 2.12270173e-03 7.77067376e-04 2.80807849e-01 8.07340771e+00 3.59399124e-03 1.12657884e-01 3.49932641e-03 1.52165979e-01 8.21300656e-02 2.94500896e-02 1.36354053e+00 3.41063245e-03 2.25213109e-02 1.03755551e-01 1.12406075e-01 1.17098089e+00 1.17945802e+01 1.81129758e-06 3.31037983e-06 2.02815142e-08 3.25325132e-05 5.29318094e-01 1.01366488e-07 3.65952797e-07 7.14638804e-07 3.22356912e-07 2.31045252e-05 2.84444573e-08 2.29375806e-08 2.61682402e-06 5.46259883e-07 6.77127872e-05 6.01677130e-06 1.46105858e-01 3.51309315e-07
gen1751perm94 0.2944718167044988 7.01379567e-02 1.29956986e-02 1.98859125e-03 7.05492562e-04 2.85561983e-01 7.81188789e+00 3.75662399e-03 1.00825090e-01 5.33597263e-03 1.50426031e-01 7.72820559e-02 2.75262986e-02 1.37528135e+00 3.23089062e-03 2.27040959e-02 1.04868319e-01 1.10011797e-01 1.18811917e+00 1.16182528e+01 1.49667912e-06 3.31037983e-06 1.96868318e-08 3.25325132e-05 5.18113552e-01 1.11196351e-07 3.82940106e-07 6.91915291e-07 3.05924236e-07 2.52867673e-05 2.87411280e-08 2.46798234e-08 2.81402437e-06 5.31395197e-07 6.77127872e-05 5.79200482e-06 1.46105858e-01 3.83563078e-07
gen1751perm47 0.2960483304839010 7.86877654e-02 1.25897785e-02 1.54791684e-03 7.38606294e-04 2.67142173e-01 7.96559058e+00 3.80251014e-03 1.12657884e-01 5.31619096e-03 1.56604275e-01 6.80882677e-02 2.75262986e-02 1.17754920e+00 3.23089062e-03 2.25213109e-02 1.03755551e-01 1.11433511e-01 1.14545723e+00 1.35430123e+01 1.58374085e-06 3.31037983e-06 1.96277497e-08 3.25325132e-05 5.28312558e-01 9.97674151e-08 3.53375391e-07 7.40532291e-07 3.18343559e-07 2.39005163e-05 3.39741014e-08 2.72186704e-08 2.79436569e-06 5.29350641e-07 6.77127872e-05 6.01677130e-06 1.51345724e-01 3.52980800e-07
gen1751perm60 0.2968949993073945 7.08712809e-02 1.26494351e-02 2.12270173e-03 8.39182399e-04 2.93600716e-01 7.84699558e+00 3.87339249e-03 1.04194881e-01 3.87190438e-03 1.52165979e-01 9.11532288e-02 3.13810711e-02 1.36354053e+00 3.33328663e-03 2.26390265e-02 1.03344994e-01 1.12406075e-01 1.17098089e+00 1.17086768e+01 1.68459098e-06 3.34406097e-06 1.88861392e-08 3.26533649e-05 5.28312558e-01 9.20369779e-08 3.90144734e-07 6.89120229e-07 2.96937080e-07 2.20657711e-05 2.60080542e-08 2.71851346e-08 2.65547335e-06 5.24253277e-07 6.73582974e-05 6.37256989e-06 1.46105858e-01 3.93840144e-07
gen1751perm42 0.3014949303842694 7.46830303e-02 1.23234769e-02 1.63551650e-03 6.36275607e-04 2.80807849e-01 7.80410406e+00 3.52725990e-03 1.08348615e-01 3.27508692e-03 1.56604275e-01 7.70871512e-02 2.75262986e-02 1.28442327e+00 3.23089062e-03 2.26390265e-02 1.04868319e-01 1.12406075e-01 1.22664533e+00 1.39320040e+01 1.72132008e-06 3.35508268e-06 1.96277497e-08 3.32049806e-05 5.28312558e-01 9.57394934e-08 3.65952797e-07 6.92681267e-07 3.11862845e-07 1.83757851e-05 2.87429825e-08 2.49109436e-08 2.63240842e-06 5.70536404e-07 6.77127872e-05 6.01677130e-06 1.46105858e-01 3.52980800e-07
gen1751perm98 0.3022412952389978 8.14958070e-02 1.23234769e-02 1.69515748e-03 8.34260355e-04 2.68741334e-01 7.89244920e+00 3.59554706e-03 1.12657884e-01 3.49932641e-03 1.51423835e-01 7.70871512e-02 2.94500896e-02 1.40826963e+00 2.68868322e-03 2.18336780e-02 1.03755551e-01 1.12406075e-01 1.17098089e+00 1.27246778e+01 1.72132008e-06 3.31037983e-06 1.98559747e-08 3.18770480e-05 5.28312558e-01 9.60994801e-08 3.65952797e-07 8.51098584e-07 2.99234608e-07 2.19776048e-05 3.15194578e-08 2.71851346e-08 2.61682402e-06 5.31395197e-07 6.77127872e-05 6.01677130e-06 1.51661260e-01 3.93840144e-07
gen1751perm108 0.3053654229942083 7.54224238e-02 1.25897785e-02 2.12270173e-03 8.79474942e-04 2.89409982e-01 8.06200982e+00 3.91760876e-03 1.05930040e-01 3.31508713e-03 1.50426031e-01 6.47357409e-02 3.13810711e-02 1.40826963e+00 3.41063245e-03 2.33753384e-02 1.03755551e-01 1.12406075e-01 1.17098089e+00 1.22397805e+01 1.68459098e-06 3.35785248e-06 1.80528301e-08 3.29777699e-05 5.28312558e-01 9.73789718e-08 3.42714229e-07 6.92681267e-07 2.73152554e-07 2.21436377e-05 2.87411280e-08 2.95062403e-08 2.65547335e-06 5.24253277e-07 6.86845249e-05 5.82347724e-06 1.36920760e-01 3.77356953e-07
gen1751perm102 0.3081875705310937 7.48109686e-02 1.23234769e-02 2.12270173e-03 7.91136048e-04 2.93600716e-01 7.78513974e+00 3.53712404e-03 1.07771772e-01 3.56563539e-03 1.44186958e-01 7.81556938e-02 2.37357338e-02 1.40826963e+00 3.05633722e-03 2.26684285e-02 1.04868319e-01 1.12406075e-01 1.17098089e+00 1.14470723e+01 1.67744936e-06 3.35508268e-06 1.96520832e-08 3.29777699e-05 5.72692997e-01 1.11733838e-07 3.24995643e-07 6.91915291e-07 2.90621409e-07 2.52817812e-05 3.25448958e-08 2.73508493e-08 2.96417963e-06 5.75699477e-07 6.73582974e-05 6.01677130e-06 1.38412232e-01 3.90445238e-07
gen1751perm59 0.3145402099080424 7.54224238e-02 1.23234769e-02 1.47790746e-03 8.34260355e-04 2.82202012e-01 8.06200982e+00 3.70951347e-03 9.60524803e-02 4.53609867e-03 1.50426031e-01 7.00650457e-02 3.00557818e-02 1.40826963e+00 3.41063245e-03 2.21852711e-02 1.02243037e-01 1.12406075e-01 1.10842392e+00 1.22397805e+01 1.64051845e-06 3.31037983e-06 1.98950995e-08 3.25325132e-05 5.29318094e-01 9.57394934e-08 3.42714229e-07 7.40532291e-07 2.90621409e-07 2.04976965e-05 3.36371471e-08 2.73508493e-08 2.59403163e-06 5.24253277e-07 6.86845249e-05 6.01677130e-06 1.46105858e-01 3.77356953e-07
gen1751perm20 0.3148845169174108 7.56680743e-02 1.25517245e-02 1.56741527e-03 8.76689134e-04 2.79694731e-01 8.12740720e+00 3.59399124e-03 1.09131502e-01 3.00248093e-03 1.52165979e-01 7.98920233e-02 2.84574121e-02 1.33547119e+00 3.41063245e-03 2.27040959e-02 1.06880984e-01 1.12406075e-01 1.17098089e+00 1.19606954e+01 1.81129758e-06 3.09343343e-06 2.13708964e-08 3.27197230e-05 5.28312558e-01 9.89375299e-08 3.90144734e-07 7.87636614e-07 3.11361870e-07 2.31045252e-05 2.24424088e-08 2.71851346e-08 2.39188120e-06 5.50385314e-07 6.64027842e-05 6.01677130e-06 1.56884440e-01 4.05562916e-07
gen1751perm19 0.3186877203402333 8.19845390e-02 1.23234769e-02 2.12270173e-03 8.05809338e-04 2.83266501e-01 7.78513974e+00 3.59399124e-03 1.02484041e-01 5.11303188e-03 1.52165979e-01 7.76102156e-02 2.94500896e-02 1.42045607e+00 3.41063245e-03 2.27040959e-02 1.03344994e-01 1.12406075e-01 1.16841389e+00 1.17945802e+01 1.81129758e-06 3.07850227e-06 2.02815142e-08 3.25325132e-05 5.22803057e-01 9.57394934e-08 3.68070953e-07 7.82833908e-07 3.12409319e-07 2.31045252e-05 2.15917055e-08 2.71851346e-08 2.61682402e-06 4.98995739e-07 6.64027842e-05 6.18346972e-06 1.46105858e-01 3.80954883e-07
gen1751perm68 0.3244671905752574 6.79961874e-02 1.25368397e-02 1.69515748e-03 8.27556543e-04 2.90523230e-01 8.43241852e+00 3.59399124e-03 1.10931273e-01 5.90288987e-03 1.51146532e-01 7.97499532e-02 2.89112411e-02 1.42060579e+00 3.33328663e-03 2.25875153e-02 9.97664985e-02 1.12947048e-01 1.16841389e+00 1.30858024e+01 1.45627896e-06 2.99081409e-06 2.05017502e-08 3.25325132e-05 4.94022721e-01 1.01931070e-07 3.65952797e-07 7.65411349e-07 3.38873587e-07 2.14433998e-05 2.04414331e-08 2.55796640e-08 2.63240842e-06 5.13580978e-07 6.77127872e-05 5.81369076e-06 1.46105858e-01 3.78219195e-07
gen1751perm9 0.3266751679314691 7.54224238e-02 1.23702381e-02 1.64073715e-03 7.51406905e-04 2.93600716e-01 7.78513974e+00 3.51626972e-03 1.09131502e-01 2.90111728e-03 1.52165979e-01 7.15229834e-02 2.75262986e-02 1.52163176e+00 3.17175652e-03 2.26390265e-02 1.02713015e-01 1.12077080e-01 1.17098089e+00 1.37897583e+01 1.73754131e-06 3.31037983e-06 1.94654028e-08 3.25325132e-05 5.28312558e-01 9.20612964e-08 3.51916657e-07 6.92681267e-07 3.12409319e-07 2.31045252e-05 3.13871375e-08 3.00803336e-08 2.65547335e-06 5.49008530e-07 6.47438804e-05 6.10133323e-06 1.56974467e-01 3.52980800e-07
gen1751perm74 0.3268122581295334 8.04315573e-02 1.23234769e-02 2.12270173e-03 8.34260355e-04 2.80807849e-01 7.84699558e+00 3.54575791e-03 1.10931273e-01 3.49932641e-03 1.56604275e-01 7.74065943e-02 2.75224482e-02 1.40826963e+00 3.52793687e-03 2.26684285e-02 1.03755551e-01 1.12406075e-01 1.17098089e+00 1.19622067e+01 1.72132008e-06 3.35508268e-06 1.92448038e-08 3.58082870e-05 5.28312558e-01 1.01366488e-07 3.65952797e-07 7.40532291e-07 3.02109566e-07 2.19776048e-05 2.78783419e-08 2.41963037e-08 2.53564954e-06 5.31395197e-07 6.77127872e-05 6.14983381e-06 1.46105858e-01 3.93840144e-07
gen1751perm127 0.3337209389329188 7.54224238e-02 1.23702381e-02 1.69515748e-03 7.73792899e-04 3.08450010e-01 7.10926473e+00 3.59399124e-03 1.12657884e-01 3.27508692e-03 1.51986249e-01 8.21300656e-02 2.75105792e-02 1.30156995e+00 3.44893595e-03 2.31723641e-02 1.04868319e-01 1.22284147e-01 1.07567122e+00 1.06930810e+01 1.72132008e-06 3.43613196e-06 1.80528301e-08 3.32049806e-05 5.28312558e-01 1.01366488e-07 3.65952797e-07 6.89120229e-07 3.05345099e-07 1.93059506e-05 3.13871375e-08 2.67945378e-08 2.63240842e-06 5.66828869e-07 6.47438804e-05 5.95958166e-06 1.46105858e-01 3.63631903e-07
gen1751perm67 0.3385324754915538 7.85546616e-02 1.40446634e-02 1.69515748e-03 8.22034708e-04 2.89400412e-01 8.03268934e+00 3.57516803e-03 1.03950169e-01 3.87190438e-03 1.56303427e-01 8.21300656e-02 3.10218942e-02 1.32023612e+00 3.54481773e-03 2.21852711e-02 1.01614337e-01 1.12406075e-01 1.08637387e+00 1.15036675e+01 1.58055310e-06 3.35508268e-06 2.08292969e-08 3.26533649e-05 5.34858147e-01 1.01366488e-07 4.18049825e-07 7.87636614e-07 3.11862845e-07 2.01194349e-05 3.15253702e-08 2.35995424e-08 2.83653956e-06 4.94385902e-07 6.50150598e-05 6.01677130e-06 1.46105858e-01 3.68854001e-07
gen1751perm139 0.3393861790028745 7.54224238e-02 1.23234769e-02 1.74546879e-03 9.22257718e-04 2.79694731e-01 7.74881804e+00 3.59399124e-03 1.05930040e-01 3.22020954e-03 1.50426031e-01 7.00650457e-02 2.94018197e-02 1.40826963e+00 3.41063245e-03 2.26390265e-02 1.03755551e-01 1.08274466e-01 1.10022264e+00 1.18552451e+01 1.68459098e-06 3.34406097e-06 2.13708964e-08 3.25325132e-05 5.28312558e-01 9.20612964e-08 3.54504725e-07 6.89120229e-07 2.90621409e-07 2.31045252e-05 2.24424088e-08 2.71851346e-08 2.42106504e-06 5.43862726e-07 6.77127872e-05 6.01677130e-06 1.46105858e-01 4.10068215e-07
gen1751perm133 0.3447869573830885 7.54224238e-02 1.26494351e-02 2.12270173e-03 7.77131811e-04 2.93600716e-01 8.06200982e+00 3.59399124e-03 1.03950169e-01 3.49932641e-03 1.50426031e-01 7.00650457e-02 2.94018197e-02 1.43321404e+00 3.41063245e-03 2.26390265e-02 9.81758532e-02 1.12947048e-01 1.26723545e+00 1.18552451e+01 1.78712251e-06 3.31037983e-06 1.89276940e-08 3.31429232e-05 5.28312558e-01 9.08996970e-08 3.42714229e-07 7.87636614e-07 2.85375878e-07 2.07985557e-05 3.32964151e-08 2.73241367e-08 2.65547335e-06 5.24467888e-07 6.39236070e-05 6.01677130e-06 1.46105858e-01 4.34236386e-07
gen1751perm22 0.3480669382330689 7.47206749e-02 1.29956986e-02 2.12270173e-03 7.77390190e-04 2.93600716e-01 8.03643453e+00 3.59399124e-03 1.10931273e-01 5.33597263e-03 1.50426031e-01 7.72820559e-02 2.95700104e-02 1.27391684e+00 3.30688087e-03 2.21852711e-02 1.04868319e-01 1.12406075e-01 1.17098089e+00 1.34184559e+01 1.49667912e-06 3.34406097e-06 1.86059508e-08 3.29777699e-05 5.28312558e-01 1.07817826e-07 3.55761833e-07 6.52419098e-07 3.05924236e-07 2.44399306e-05 2.87411280e-08 2.66554605e-08 2.81402437e-06 5.31395197e-07 6.77127872e-05 6.01677130e-06 1.58273345e-01 3.80809454e-07
gen1751perm126 0.3576954547264755 7.54576346e-02 1.19010043e-02 1.56741527e-03 7.58550602e-04 2.82202012e-01 7.78513974e+00 3.63263464e-03 1.13867198e-01 6.03299272e-03 1.52165979e-01 6.69808754e-02 2.67573407e-02 1.39883507e+00 3.04483228e-03 2.20022301e-02 1.03755551e-01 1.12947048e-01 1.27996866e+00 1.25540460e+01 1.72447008e-06 3.31037983e-06 2.02895200e-08 3.25325132e-05 5.19248424e-01 1.03049882e-07 3.65599446e-07 6.82421042e-07 3.11862845e-07 2.31045252e-05 2.79715663e-08 3.07912464e-08 2.79860802e-06 5.31395197e-07 6.64027842e-05 6.11637923e-06 1.46105858e-01 4.20049022e-07
gen1751perm54 0.3592470950943851 6.78722062e-02 1.23234769e-02 1.59785641e-03 7.05492562e-04 2.93600716e-01 7.84699558e+00 3.59399124e-03 1.10931273e-01 3.87190438e-03 1.56604275e-01 8.21300656e-02 2.75262986e-02 1.40826963e+00 3.26372467e-03 2.26390265e-02 1.03755551e-01 1.12406075e-01 1.17098089e+00 1.16182528e+01 1.62303639e-06 3.35508268e-06 1.92448038e-08 3.04715620e-05 5.28312558e-01 1.11196351e-07 3.65952797e-07 6.60261866e-07 2.64894326e-07 2.01194349e-05 3.37400008e-08 2.50807160e-08 2.53564954e-06 5.31395197e-07 6.43070727e-05 6.01677130e-06 1.41061625e-01 3.93840144e-07
gen1751perm31 0.3612306978009875 6.94505852e-02 1.23234769e-02 1.66027395e-03 8.76689134e-04 2.95630152e-01 8.08142217e+00 3.59399124e-03 1.12657884e-01 4.22808945e-03 1.52165979e-01 7.40901783e-02 2.67573407e-02 1.18459264e+00 3.75553170e-03 2.31723641e-02 9.77123219e-02 1.12406075e-01 1.17098089e+00 1.18823905e+01 1.96410460e-06 3.31037983e-06 1.88861392e-08 3.27197230e-05 5.29318094e-01 1.11196351e-07 3.47825732e-07 7.40532291e-07 3.11361870e-07 2.31045252e-05 2.06312881e-08 3.07912464e-08 2.53564954e-06 5.18974553e-07 7.09871895e-05 6.01677130e-06 1.46105858e-01 3.93840144e-07
gen1751perm89 0.3620544029685326 7.54224238e-02 1.23234769e-02 1.59228306e-03 7.15109105e-04 2.80807849e-01 7.84699558e+00 3.59399124e-03 1.22414660e-01 3.58849607e-03 1.61732955e-01 8.21300656e-02 2.67765650e-02 1.28309646e+00 3.08052962e-03 2.18336780e-02 1.03755551e-01 1.12406075e-01 1.07976930e+00 1.12779136e+01 1.72132008e-06 3.31037983e-06 2.13708964e-08 3.25325132e-05 5.28312558e-01 1.01366488e-07 3.72509069e-07 7.40532291e-07 3.12409319e-07 2.19776048e-05 3.12824429e-08 2.51339257e-08 2.61682402e-06 5.25322130e-07 6.77127872e-05 6.01677130e-06 1.46105858e-01 4.06355742e-07
gen1751perm99 0.3621858173294974 7.51937812e-02 1.14860679e-02 1.47790746e-03 8.34260355e-04 2.82202012e-01 7.84699558e+00 3.34927836e-03 1.09531250e-01 3.87190438e-03 1.52165979e-01 9.11532288e-02 3.00557818e-02 1.36354053e+00 3.23089062e-03 2.21852711e-02 1.03755551e-01 1.12406075e-01 1.23684679e+00 1.14470723e+01 1.68009516e-06 3.15949676e-06 1.98950995e-08 3.26533649e-05 5.28312558e-01 9.57394934e-08 3.65952797e-07 6.96044961e-07 2.96937080e-07 2.07417021e-05 2.54347646e-08 2.71851346e-08 2.59403163e-06 5.24253277e-07 6.73582974e-05 5.41753146e-06 1.46105858e-01 3.93840144e-07
gen1751perm79 0.3653869712514286 7.48759022e-02 1.22640353e-02 2.26788567e-03 8.11875278e-04 2.82949194e-01 7.41828593e+00 3.57053042e-03 1.02872151e-01 4.92566697e-03 1.52984308e-01 7.15229834e-02 2.90511913e-02 1.16496282e+00 3.52793687e-03 2.21852711e-02 1.03755551e-01 1.12406075e-01 1.07837738e+00 1.21689725e+01 1.57192725e-06 3.31037983e-06 1.95702800e-08 3.19606070e-05 5.31280898e-01 9.73789718e-08 3.83843297e-07 7.87636614e-07 3.14007772e-07 2.31045252e-05 2.18301725e-08 2.65523050e-08 2.53564954e-06 5.31395197e-07 6.77127872e-05 6.01677130e-06 1.46105858e-01 3.86057960e-07
gen1751perm40 0.3665489526463038 7.48759022e-02 1.29956986e-02 1.66027395e-03 7.38606294e-04 2.93600716e-01 8.06200982e+00 3.59399124e-03 1.12657884e-01 5.10097946e-03 1.56604275e-01 6.60477619e-02 2.74238281e-02 1.17754920e+00 3.41063245e-03 2.26390265e-02 1.07534072e-01 1.12077080e-01 1.27556544e+00 1.22397805e+01 1.58374085e-06 3.34406097e-06 1.94391929e-08 3.10032091e-05 5.46574273e-01 9.20369779e-08 3.42714229e-07 7.40532291e-07 3.18343559e-07 2.40142825e-05 3.36371471e-08 2.90604662e-08 2.79436569e-06 5.31395197e-07 6.77127872e-05 6.01677130e-06 1.46105858e-01 3.93840144e-07
gen1751perm14 0.3670017415591622 7.47206749e-02 1.18474032e-02 2.30567866e-03 8.60485834e-04 2.93600716e-01 8.07340771e+00 3.59399124e-03 1.09531250e-01 3.31508713e-03 1.52165979e-01 7.40901783e-02 3.22566195e-02 1.20365621e+00 3.41063245e-03 2.26390265e-02 1.09445739e-01 1.12406075e-01 1.17098089e+00 1.30219551e+01 1.41245500e-06 3.50407979e-06 2.02366317e-08 3.29777699e-05 5.29318094e-01 9.73789718e-08 4.30704639e-07 6.92681267e-07 3.22356912e-07 2.39805533e-05 2.87411280e-08 2.89287882e-08 2.33443568e-06 5.82854808e-07 6.73582974e-05 6.01677130e-06 1.33619225e-01 3.45934036e-07
gen1751perm96 0.3693651006789926 7.48109686e-02 1.34601227e-02 1.70734175e-03 8.31674850e-04 2.79694731e-01 7.78513974e+00 3.28558236e-03 1.13931899e-01 3.22020954e-03 1.52165979e-01 9.11532288e-02 2.51316197e-02 1.34563827e+00 3.41063245e-03 2.10227042e-02 1.06880984e-01 1.12406075e-01 1.06529941e+00 1.25716703e+01 1.67744936e-06 3.31037983e-06 1.98950995e-08 3.32860682e-05 5.28312558e-01 1.03764873e-07 3.68164309e-07 7.17406807e-07 3.12409319e-07 2.31045252e-05 2.06401483e-08 2.71851346e-08 2.81402437e-06 5.31395197e-07 6.60251229e-05 6.01677130e-06 1.46105858e-01 3.93840144e-07
gen1751perm29 0.3784793822454915 7.48109686e-02 1.12056900e-02 1.66027395e-03 7.77390190e-04 2.76173196e-01 7.21144337e+00 3.59399124e-03 1.15141317e-01 3.42219701e-03 1.56604275e-01 8.01403881e-02 2.51316197e-02 1.40826963e+00 2.94136801e-03 2.19879409e-02 1.06880984e-01 1.12406075e-01 1.17098089e+00 1.16182528e+01 1.72132008e-06 3.35508268e-06 1.88115466e-08 3.25325132e-05 5.28312558e-01 1.01318953e-07 3.65952797e-07 7.26375732e-07 3.03549311e-07 2.19383394e-05 3.15253702e-08 2.58286883e-08 2.81402437e-06 5.31395197e-07 7.22210568e-05 6.01677130e-06 1.60001102e-01 3.74874775e-07
gen1751perm61 0.3849790122837671 7.54224238e-02 1.22581417e-02 1.70734175e-03 8.34260355e-04 2.82949194e-01 7.92892981e+00 3.54148542e-03 1.10931273e-01 3.83118086e-03 1.56604275e-01 8.73576430e-02 2.73264705e-02 1.26757283e+00 3.41063245e-03 2.31015738e-02 1.05718303e-01 1.15468873e-01 1.17098089e+00 1.19606954e+01 1.68009516e-06 3.31037983e-06 1.98950995e-08 3.27197230e-05 5.28312558e-01 1.03059801e-07 3.65952797e-07 7.87636614e-07 2.67585534e-07 2.01194349e-05 2.24424088e-08 2.71851346e-08 2.80563035e-06 5.24253277e-07 6.24198633e-05 5.99769208e-06 1.33185842e-01 3.52980800e-07
gen1751perm53 0.3860005771459217 7.57049238e-02 1.29956986e-02 1.45661794e-03 8.34260355e-04 2.88641327e-01 7.84699558e+00 3.59399124e-03 1.06875302e-01 3.49932641e-03 1.56604275e-01 7.50617661e-02 2.75224482e-02 1.12359361e+00 3.23089062e-03 2.54609952e-02 1.03755551e-01 1.12406075e-01 1.28544511e+00 1.21842747e+01 1.82745161e-06 3.31037983e-06 1.81035215e-08 3.25325132e-05 5.28312558e-01 1.01366488e-07 3.98970921e-07 7.40532291e-07 3.19291918e-07 2.19776048e-05 2.72280110e-08 2.73508493e-08 2.53564954e-06 5.74142939e-07 6.57866781e-05 5.98383675e-06 1.46105858e-01 3.95955286e-07
gen1751perm13 0.3944439487587108 8.26275448e-02 1.25897785e-02 1.71876842e-03 8.34260355e-04 2.79777691e-01 7.78513974e+00 3.52725990e-03 1.10931273e-01 5.39852180e-03 1.55771099e-01 7.15229834e-02 2.33253799e-02 1.36354053e+00 3.00755508e-03 2.17484525e-02 1.03344994e-01 1.12406075e-01 1.16320033e+00 1.24237020e+01 1.58120325e-06 3.30965310e-06 1.90483561e-08 3.29777699e-05 5.28312558e-01 1.03215861e-07 4.41958342e-07 6.91915291e-07 2.73244969e-07 2.10119223e-05 2.48169350e-08 2.65523050e-08 2.74671040e-06 5.31395197e-07 6.73582974e-05 6.01677130e-06 1.53719244e-01 3.80809454e-07
gen1751perm123 0.4007251304382859 6.98522434e-02 1.29902954e-02 2.12270173e-03 8.39182399e-04 2.93600716e-01 8.06200982e+00 3.59399124e-03 1.05930040e-01 4.53609867e-03 1.56604275e-01 8.01403881e-02 2.72092497e-02 1.07454044e+00 3.41063245e-03 2.26390265e-02 1.03344994e-01 1.15396499e-01 1.17098089e+00 1.22397805e+01 1.68459098e-06 3.34406097e-06 1.88861392e-08 3.32049806e-05 4.84765271e-01 9.57394934e-08 3.23448054e-07 7.65411349e-07 2.90621409e-07 2.43344449e-05 3.01806889e-08 2.73508493e-08 2.81402437e-06 4.94439688e-07 6.86845249e-05 6.01677130e-06 1.46105858e-01 3.77356953e-07
gen1751perm28 0.4019667274831093 7.45341107e-02 1.18880385e-02 2.12270173e-03 8.60485834e-04 3.33151993e-01 7.78513974e+00 3.57516803e-03 1.03950169e-01 3.37115168e-03 1.56194729e-01 7.40901783e-02 2.49161291e-02 1.43321404e+00 3.12558237e-03 2.17518702e-02 1.06880984e-01 1.22020570e-01 1.27894067e+00 1.19606954e+01 1.81129758e-06 3.35508268e-06 2.08292969e-08 3.31429232e-05 5.28312558e-01 9.08996970e-08 3.55761833e-07 7.44398590e-07 2.85375878e-07 2.39005163e-05 2.79097931e-08 2.46458359e-08 2.39188120e-06 5.24467888e-07 6.77127872e-05 6.01677130e-06 1.46105858e-01 3.89148270e-07
gen1751perm132 0.4035576857563156 7.85938050e-02 1.23234769e-02 1.70734175e-03 9.13104853e-04 2.80807849e-01 7.78513974e+00 3.59399124e-03 1.12657884e-01 3.67472996e-03 1.69947239e-01 8.01403881e-02 2.75605078e-02 1.28276080e+00 2.80359582e-03 2.19340951e-02 1.03755551e-01 1.12406075e-01 1.17098089e+00 1.16182528e+01 1.72132008e-06 3.29371555e-06 1.92448038e-08 3.06513243e-05 5.74161697e-01 8.93046814e-08 3.65952797e-07 7.40532291e-07 2.88629367e-07 2.52817812e-05 2.86139369e-08 2.73508493e-08 2.55086866e-06 5.70566825e-07 6.77127872e-05 5.86685978e-06 1.46105858e-01 3.93840144e-07
gen1751perm84 0.4040706525122738 7.22121870e-02 1.29956986e-02 2.12270173e-03 7.77390190e-04 2.82202012e-01 8.03643453e+00 3.57516803e-03 1.03950169e-01 3.87190438e-03 1.50426031e-01 7.36306620e-02 2.93909212e-02 1.43321404e+00 3.33328663e-03 2.20022301e-02 1.04868319e-01 1.12947048e-01 1.17098089e+00 1.04634767e+01 1.57192725e-06 3.14665696e-06 2.08292969e-08 3.58177916e-05 4.88354671e-01 1.01366488e-07 3.96642080e-07 6.59741113e-07 3.11862845e-07 2.19776048e-05 2.70208273e-08 2.49109436e-08 2.84556067e-06 5.31395197e-07 6.77127872e-05 6.04598516e-06 1.58127897e-01 3.93840144e-07
gen1751perm8 0.4073343573210976 6.92148523e-02 1.25517245e-02 2.22886973e-03 8.11875278e-04 2.71451962e-01 8.03643453e+00 3.57516803e-03 1.07049831e-01 3.87190438e-03 1.52165979e-01 7.09933552e-02 2.90511913e-02 1.43321404e+00 3.41063245e-03 2.16580039e-02 1.03755551e-01 1.12406075e-01 1.16841389e+00 1.24254925e+01 1.57192725e-06 3.58451256e-06 2.02815142e-08 3.31429232e-05 4.89522215e-01 9.08996970e-08 3.55761833e-07 7.87636614e-07 2.85375878e-07 2.31045252e-05 2.15917055e-08 2.71851346e-08 2.72286647e-06 5.31395197e-07 6.77127872e-05 5.79793737e-06 1.46105858e-01 3.93840144e-07
gen1751perm87 0.4232071845105546 6.88719394e-02 1.23234769e-02 1.54127174e-03 8.76689134e-04 2.89475051e-01 8.11048780e+00 3.81194708e-03 1.13708151e-01 4.14171119e-03 1.52165979e-01 6.96743933e-02 2.80491058e-02 1.40826963e+00 3.58287025e-03 2.19340951e-02 1.08127275e-01 1.12406075e-01 1.17098089e+00 1.27246778e+01 1.74240866e-06 3.57639679e-06 1.92448038e-08 3.26533649e-05 5.28312558e-01 9.80994909e-08 3.55761833e-07 7.87636614e-07 3.12409319e-07 2.15878113e-05 2.24424088e-08 3.00803336e-08 2.90121805e-06 5.40178340e-07 6.77127872e-05 6.01677130e-06 1.46105858e-01 3.76157801e-07
gen1751perm121 0.4278780262876200 6.95996184e-02 1.23234769e-02 1.63519274e-03 7.76000953e-04 2.79694731e-01 7.84699558e+00 3.59399124e-03 1.08348615e-01 3.22020954e-03 1.46183730e-01 6.80020914e-02 2.94500896e-02 1.32750067e+00 3.23089062e-03 2.33855806e-02 9.99523086e-02 1.12406075e-01 1.17098089e+00 1.16182528e+01 1.88160971e-06 3.35508268e-06 1.96277497e-08 3.32049806e-05 5.28312558e-01 9.20612964e-08 3.50811616e-07 6.89049357e-07 3.11862845e-07 2.31045252e-05 2.24424088e-08 2.71851346e-08 2.95627731e-06 5.28538556e-07 6.77127872e-05 6.01677130e-06 1.46105858e-01 3.80954883e-07
gen1751perm63 0.4412308130267200 7.54224238e-02 1.29666745e-02 1.70734175e-03 8.06822781e-04 3.05305991e-01 7.84699558e+00 3.59399124e-03 1.12657884e-01 3.37862135e-03 1.41693836e-01 7.70871512e-02 2.53822091e-02 1.27391684e+00 3.49795544e-03 2.19340951e-02 1.13569133e-01 1.12077080e-01 1.06077749e+00 1.16182528e+01 1.58075247e-06 3.35508268e-06 1.94391929e-08 3.25325132e-05 5.28312558e-01 9.94248289e-08 3.65952797e-07 7.40532291e-07 3.22792961e-07 2.15469195e-05 2.86139369e-08 2.93470591e-08 2.65547335e-06 5.52208524e-07 6.17801878e-05 6.01677130e-06 1.46105858e-01 3.93840144e-07
gen1751perm18 0.5940329340608972 7.02270921e-02 1.30122027e-02 1.63031325e-03 8.34260355e-04 2.49660918e-01 7.99310859e+00 3.79293702e-03 1.09531250e-01 3.87190438e-03 1.52165979e-01 9.11532288e-02 2.75224482e-02 1.18459264e+00 3.05459983e-03 2.26684285e-02 1.04868319e-01 1.12406075e-01 1.07068563e+00 1.18823905e+01 1.68009516e-06 3.35508268e-06 1.96520832e-08 3.29777699e-05 5.29318094e-01 1.11196351e-07 3.27369300e-07 7.98961146e-07 3.22356912e-07 2.42970670e-05 3.15253702e-08 3.07912464e-08 2.53564954e-06 5.34116889e-07 6.73582974e-05 6.11637923e-06 1.46105858e-01 3.93840144e-07
